Speedometer:    (0.000000,0.000000) - (0.000000,0.000000)
Tachometer:     (0.000000,0.000000) - (0.000000,0.000000)
BigSpeedometer: (0.840625,0.812500) - (0.154688,0.183333)
BigTachometer:  (0.875000,0.664583) - (0.125000,0.147916)
RearView:       (0.312500,0.006250) - (0.300000,0.137500)
DamageMeter:    (0.806250,0.000000) - (0.190625,0.158333)
Map:            (0.000000,0.000000) - (0.137500,0.258333)
OpponentList:   (0.000000,0.997917) - (0.000000,0.000000)
CopRacerList:   (0.000000,0.997917) - (0.000000,0.000000)
Laps:           (0.000000,0.000000) - (0.137500,0.045833)
Times:          (0.140625,0.000000) - (0.128125,0.158333)
Position:       (0.000000,0.940000) - (0.000000,0.045833)
RacerTickets:   (0.806250,0.162500) - (0.190625,0.050000)
CopTickets:     (0.806250,0.162500) - (0.190625,0.050000)
CopRadar:       (0.004688,0.270833) - (0.250000,0.334000)
SpikeBelt:      (0.889062,0.216667) - (0.109375,0.050000)