Speedometer:    (0.132812,0.000000) - (0.128125,0.158333)
Tachometer:     (0.676525,0.000000) - (0.128125,0.158333)
BigSpeedometer: (0.000000,0.000000) - (0.000000,0.000000)
BigTachometer:  (0.000000,0.000000) - (0.000000,0.000000)
RearView:       (0.312500,0.006250) - (0.300000,0.137500)
DamageMeter:    (0.806250,0.000000) - (0.190625,0.158333)
Map:            (0.862500,0.300000) - (0.137500,0.200000)
OpponentList:   (0.000000,0.497917) - (0.000000,0.000000)
CopRacerList:   (0.000000,0.497917) - (0.000000,0.000000)
Laps:           (0.860937,0.452083) - (0.137500,0.045833)
Times:          (0.001563,0.000000) - (0.128125,0.158333)
Position:       (0.000000,0.452083) - (0.000000,0.045833)
RacerTickets:   (0.806250,0.162500) - (0.190625,0.050000)
CopTickets:     (0.806250,0.162500) - (0.190625,0.050000)
CopRadar:       (0.003125,0.170833) - (0.187500,0.241667)
SpikeBelt:      (0.889062,0.216667) - (0.109375,0.050000)