Speedometer:    (0.128125,0.000000) - (0.128125,0.179167)
Tachometer:     (0.678125,0.000000) - (0.128125,0.179167)
BigSpeedometer: (0.000000,0.000000) - (0.000000,0.000000)
BigTachometer:  (0.000000,0.000000) - (0.000000,0.000000)
RearView:       (0.312500,0.045833) - (0.300000,0.137500)
DamageMeter:    (0.806250,0.000000) - (0.190625,0.179167)
Map:            (0.862500,0.295833) - (0.137500,0.200000)
OpponentList:   (0.000000,0.000000) - (0.000000,0.000000)
CopRacerList:   (0.000000,0.000000) - (0.000000,0.000000)
Laps:           (0.862500,0.450000) - (0.137500,0.045833)
Times:          (0.000000,0.000000) - (0.128125,0.179167)
Position:       (0.000000,0.450000) - (0.000000,0.045833)
RacerTickets:   (0.806250,0.179167) - (0.190625,0.050000)
CopTickets:     (0.806250,0.179167) - (0.190625,0.050000)
CopRadar:       (0.000000,0.195833) - (0.256250,0.250000)
SpikeBelt:      (0.890625,0.229167) - (0.109375,0.050000)