TRIGGER_ELEMENT 5
-143.124573 0.340156 235.736008
-0.403315 0.000924 -0.915061	0.000372 1.000000 0.000845	-0.902250 0.000000 0.431214
2 1 1.000000 19.033834 0.250000 0.000000 200.000000 -1 -1 -1 -1 -1 -1 0 65535 0 0
-151.711212 0.340156 239.839828	-134.537933 0.340156 231.632187
0 0.000000 0.000000 0.000000	0 0.000000 0.000000 0.000000

TRIGGER_ELEMENT 5
163.201782 12.727148 -5305.451172
0.624309 -0.004735 -0.781163	0.002956 0.999989 -0.003699	-0.781172 0.000000 -0.624316
1 1 1.000000 29.298307 0.250000 0.000000 200.000000 -1 -1 -1 -1 -1 -1 0 65535 0 0
151.758270 12.727148 -5314.596680	174.645294 12.727148 -5296.305664
0 0.000000 0.000000 0.000000	0 0.000000 0.000000 0.000000

GEOM_ELEMENT 5
164.851791 12.721972 -5305.531738
0.798632 -0.000135 0.601819	0.002957 0.999989 -0.003700	-0.601812 0.004734 0.798623
0 1213419078 0 0 -1 1 1 61.500000 61.500000 61.500000
Geometry Element
GEOM_ELEMENT 5
162.028641 12.721561 -5307.898438
0.798632 -0.000133 0.601819	0.002956 0.999989 -0.003701	-0.601812 0.004734 0.798623
0 1213419078 0 0 -1 1 1 61.500000 61.500000 61.500000
Geometry Element
