CAMERA_ELEMENT 4
-189.411194 14.159930 106.355423
-0.789322 -0.008314 -0.613923	-0.064371 0.995518 0.069280	0.610595 0.094203 -0.786319
0 0.000000 1
1 1 12 1 1 5.000000 0 45.000000 0.600000
0.000000 0.000000 0.000000
c1
TRIGGER_ELEMENT 5
-168.222382 1.353433 167.057938
-0.258819 0.000000 -0.965926	0.000000 1.000000 0.000000	0.965926 0.000000 -0.258819
6 1 1.000000 27.100000 0.250000 0.000000 200.000000 -1 -1 -1 -1 0 -1 0 65535 0 0
-155.134094 1.353433 163.550949	-181.310669 1.353433 170.564926
1 -0.258819 0.000000 -0.965926	0 0.000000 0.000000 0.000000

CAMERA_ELEMENT 4
-164.444565 9.635127 -150.361008
0.974429 -0.174866 -0.141104	0.194053 0.971499 0.136133	0.113277 -0.160034 0.980590
0 0.000000 1
1 1 12 1 0 3.000000 0 45.000000 0.600000
0.000000 0.000000 0.000000
c2
TRIGGER_ELEMENT 5
-148.952805 0.867056 -7.032411
0.052336 0.000000 -0.998630	0.000000 1.000000 0.000000	0.998630 0.000000 0.052336
6 1 1.000000 31.900002 0.250000 0.000000 200.000000 -1 -1 -1 -1 2 -1 0 65535 0 0
-133.024658 0.867056 -6.197649	-164.880951 0.867056 -7.867172
1 0.052338 0.000000 -0.998629	0 0.000000 0.000000 0.000000

CAMERA_ELEMENT 4
116.128067 28.536825 -273.379639
-0.149355 -0.082164 0.985364	0.123739 0.987154 0.101069	-0.981011 0.137023 -0.137269
0 0.000000 0
1 1 12 0 0 3.000000 1 45.000000 0.600000
0.000000 0.000000 0.000000
c3
TRIGGER_ELEMENT 5
-103.772179 7.183118 -206.712677
0.819152 0.000000 -0.573576	0.000000 1.000000 0.000000	0.573576 0.000000 0.819152
6 1 1.000000 25.600002 0.250000 0.000000 200.000000 -1 -1 -1 -1 4 -1 0 65535 0 0
-96.430405 7.183118 -196.227524	-111.113953 7.183118 -217.197830
1 0.819152 0.000000 -0.573577	0 0.000000 0.000000 0.000000

CAMERA_ELEMENT 4
125.652000 31.579119 -292.523132
1.000000 0.000000 0.000000	0.000000 1.000000 0.000000	0.000000 0.000000 1.000000
0 0.000000 1
1 1 10 0 0 3.000000 0 45.000000 0.600000
0.000000 0.000000 0.000000
c4
TRIGGER_ELEMENT 5
125.551842 29.408632 -285.240143
0.882948 0.000000 -0.469471	0.000000 1.000000 0.000000	0.469471 0.000000 0.882948
6 1 1.000000 33.399998 0.250000 0.000000 200.000000 -1 -1 -1 -1 6 -1 0 65535 0 0
133.392014 29.408632 -270.494934	117.711670 29.408632 -299.985352
1 0.882944 0.000000 -0.469479	0 0.000000 0.000000 0.000000

CAMERA_ELEMENT 4
-94.463287 86.970901 -541.569275
-0.260643 -0.041403 -0.964547	0.034016 0.998066 -0.052033	0.964836 -0.046372 -0.258730
0 0.000000 1
1 1 12 0 0 3.000000 1 30.000000 0.600000
0.000000 0.000000 0.000000
c5
TRIGGER_ELEMENT 5
122.944008 73.966995 -585.507690
-0.906308 0.000000 -0.422618	0.000000 1.000000 0.000000	0.422618 0.000000 -0.906308
6 1 1.000000 32.700001 0.250000 0.000000 200.000000 -1 -1 -1 -1 8 -1 0 65535 0 0
129.853821 73.966995 -600.325806	116.034195 73.966995 -570.689575
1 -0.906312 0.000000 -0.422608	0 0.000000 0.000000 0.000000

CAMERA_ELEMENT 4
-356.816559 105.315308 -630.739685
1.000000 0.000000 0.000000	0.000000 1.000000 0.000000	0.000000 0.000000 1.000000
0 0.000000 1
1 1 12 1 0 3.000000 0 45.000000 0.600000
0.000000 0.000000 0.000000
c6
TRIGGER_ELEMENT 5
-223.670242 85.493362 -619.018555
1.000000 0.000000 0.000000	0.000000 1.000000 0.000000	0.000000 0.000000 1.000000
6 1 1.000000 30.600000 0.250000 0.000000 200.000000 -1 -1 -1 -1 10 -1 0 0 0 0
-223.670242 85.493362 -603.718567	-223.670242 85.493362 -634.318542
2 -1.000000 0.000000 0.000000	0 0.000000 0.000000 0.000000
Replay Camera Trigger
CAMERA_ELEMENT 4
-159.639404 106.519264 -671.087219
1.000000 0.000000 0.000000	0.000000 1.000000 0.000000	0.000000 0.000000 1.000000
0 0.000000 1
1 1 12 1 0 4.000000 0 45.000000 0.600000
0.000000 0.000000 0.000000
c7
TRIGGER_ELEMENT 5
-244.479904 97.399239 -647.180481
0.996195 0.000000 0.087156	0.000000 1.000000 0.000000	-0.087156 0.000000 0.996195
6 1 1.000000 24.200001 0.250000 0.000000 200.000000 -1 -1 -1 -1 12 -1 0 65535 0 0
-245.534485 97.399239 -635.126526	-243.425323 97.399239 -659.234436
1 0.996194 0.000000 0.087158	0 0.000000 0.000000 0.000000

CAMERA_ELEMENT 4
-344.216125 108.604912 -691.480347
1.000000 0.000000 0.000000	0.000000 1.000000 0.000000	0.000000 0.000000 1.000000
0 0.000000 1
1 1 12 1 0 3.000000 0 45.000000 0.600000
0.000000 0.000000 0.000000
c8
TRIGGER_ELEMENT 5
-233.397308 99.954018 -692.464050
-1.000000 0.000000 0.000000	0.000000 1.000000 0.000000	0.000000 0.000000 -1.000000
6 1 1.000000 26.500002 0.250000 0.000000 200.000000 -1 -1 -1 -1 14 -1 0 65535 0 0
-233.397308 99.954018 -705.714050	-233.397308 99.954018 -679.214050
1 -1.000000 0.000000 0.000000	0 0.000000 0.000000 0.000000

CAMERA_ELEMENT 4
-140.909256 133.520340 -821.740112
0.906452 -0.013022 0.422107	-0.061270 0.984894 0.161958	-0.417839 -0.172670 0.891961
0 0.000000 0
1 1 12 0 0 3.000000 0 45.000000 0.600000
0.000000 0.000000 0.000000
c9
TRIGGER_ELEMENT 5
-229.906403 111.780693 -731.352661
0.990268 0.000000 -0.139173	0.000000 1.000000 0.000000	0.139173 0.000000 0.990268
6 1 1.000000 29.100002 0.250000 0.000000 200.000000 -1 -1 -1 -1 16 -1 0 65535 0 0
-227.881439 111.780693 -716.944275	-231.931366 111.780693 -745.761047
1 0.990270 0.000000 -0.139161	0 0.000000 0.000000 0.000000

CAMERA_ELEMENT 4
-82.434837 166.352188 -995.265320
1.000000 0.000000 0.000000	0.000000 1.000000 0.000000	0.000000 0.000000 1.000000
0 0.000000 1
1 1 12 1 0 2.000000 0 45.000000 0.600000
0.000000 0.000000 0.000000
c10
TRIGGER_ELEMENT 5
-145.645096 133.829041 -835.059204
0.224951 0.000000 -0.974370	0.000000 1.000000 0.000000	0.974370 0.000000 0.224951
6 1 1.000000 29.900002 0.250000 0.000000 200.000000 -1 -1 -1 -1 18 -1 0 65535 0 0
-131.078262 133.829041 -831.696167	-160.211929 133.829041 -838.422241
1 0.224946 0.000000 -0.974371	0 0.000000 0.000000 0.000000

CAMERA_ELEMENT 4
-218.871490 191.553513 -1199.912598
0.919649 -0.044707 -0.390188	0.138505 0.966588 0.215698	0.367507 -0.252410 0.895113
0 0.000000 1
1 1 12 0 0 3.000000 1 20.000000 0.600000
0.000000 0.000000 0.000000
c11
TRIGGER_ELEMENT 5
-110.845070 172.830811 -1053.876221
-0.529919 0.000000 -0.848048	0.000000 1.000000 0.000000	0.848048 0.000000 -0.529919
6 1 1.000000 16.200001 0.250000 0.000000 200.000000 -1 -1 -1 -1 20 -1 0 65535 0 0
-103.975883 172.830811 -1058.168579	-117.714256 172.830811 -1049.583862
1 -0.529933 0.000000 -0.848039	0 0.000000 0.000000 0.000000

CAMERA_ELEMENT 4
-344.230469 220.074219 -1318.193481
1.000000 0.000000 0.000000	0.000000 1.000000 0.000000	0.000000 0.000000 1.000000
0 0.000000 1
1 1 8 0 0 3.000000 0 45.000000 0.600000
0.000000 0.000000 0.000000
c12
TRIGGER_ELEMENT 5
-348.056976 218.427155 -1322.614746
0.207912 0.000000 -0.978148	0.000000 1.000000 0.000000	0.978148 0.000000 0.207912
6 1 1.000000 12.500000 0.250000 0.000000 200.000000 -1 -1 -1 -1 22 -1 0 65535 0 0
-341.943542 218.427155 -1321.315308	-354.170410 218.427155 -1323.914185
1 0.207916 0.000000 -0.978147	0 0.000000 0.000000 0.000000

CAMERA_ELEMENT 4
-308.529510 241.362228 -1554.799927
1.000000 0.000000 0.000000	0.000000 1.000000 0.000000	0.000000 0.000000 1.000000
0 0.000000 1
1 1 12 1 0 3.000000 0 45.000000 0.600000
0.000000 0.000000 0.000000
c13
TRIGGER_ELEMENT 5
-331.445587 224.832611 -1412.677979
-0.139173 0.000000 0.990268	0.000000 1.000000 0.000000	-0.990268 0.000000 -0.139173
6 1 1.000000 17.900002 0.250000 0.000000 200.000000 -1 -1 -1 -1 24 -1 0 65535 0 0
-340.308502 224.832611 -1413.923584	-322.582672 224.832611 -1411.432373
2 0.139165 0.000000 -0.990269	0 0.000000 0.000000 0.000000

CAMERA_ELEMENT 4
-204.350418 256.908844 -1668.702148
1.000000 0.000000 0.000000	0.000000 1.000000 0.000000	0.000000 0.000000 1.000000
0 0.000000 1
1 1 12 1 0 3.000000 0 45.000000 0.600000
0.000000 0.000000 0.000000
c14
TRIGGER_ELEMENT 5
-283.127472 245.919739 -1614.480347
0.515038 0.000000 -0.857167	0.000000 1.000000 0.000000	0.857167 0.000000 0.515038
6 1 1.000000 16.500000 0.250000 0.000000 200.000000 -1 -1 -1 -1 26 -1 0 65535 0 0
-276.055847 245.919739 -1610.231323	-290.199097 245.919739 -1618.729370
1 0.515039 0.000000 -0.857167	0 0.000000 0.000000 0.000000

CAMERA_ELEMENT 4
-41.002060 256.825775 -1742.096191
0.891007 0.015844 0.453714	0.000000 0.999391 -0.034899	-0.453990 0.031096 0.890464
0 0.000000 0
1 1 12 0 0 3.000000 1 40.000000 0.600000
0.000000 0.000000 0.000000
c15
TRIGGER_ELEMENT 5
-99.797791 254.193115 -1646.730225
0.882948 0.000000 -0.469472	0.000000 1.000000 0.000000	0.469472 0.000000 0.882948
6 1 1.000000 18.900002 0.250000 0.000000 200.000000 -1 -1 -1 -1 28 -1 0 65535 0 0
-95.361282 254.193115 -1638.386353	-104.234299 254.193115 -1655.074097
1 0.882944 0.000000 -0.469479	0 0.000000 0.000000 0.000000

CAMERA_ELEMENT 4
-108.931953 274.261078 -1912.317627
1.000000 0.000000 0.000000	0.000000 1.000000 0.000000	0.000000 0.000000 1.000000
1 2.500000 1
1 1 12 0 0 3.000000 1 30.000000 0.600000
0.000000 0.000000 0.000000
c16
TRIGGER_ELEMENT 5
-36.622158 256.209686 -1769.771362
0.087156 0.000000 -0.996195	0.000000 1.000000 0.000000	0.996195 0.000000 0.087156
6 1 1.000000 29.200001 0.250000 0.000000 200.000000 -1 -1 -1 -1 30 -1 0 65535 0 0
-22.077717 256.209686 -1768.498901	-51.166599 256.209686 -1771.043823
1 0.087153 0.000000 -0.996195	0 0.000000 0.000000 0.000000

CAMERA_ELEMENT 4
-218.637146 306.130951 -2178.609863
-0.963615 0.047504 0.263040	0.045799 0.998871 -0.012612	-0.263343 -0.000107 -0.964703
0 0.000000 1
1 1 12 0 0 3.000000 1 30.000000 0.600000
0.000000 0.000000 0.000000
c17
TRIGGER_ELEMENT 5
-174.707947 274.186768 -2065.133301
-0.258819 0.000000 -0.965926	0.000000 1.000000 0.000000	0.965926 0.000000 -0.258819
6 1 1.000000 13.200000 0.250000 0.000000 200.000000 -1 -1 -1 -1 32 -1 0 65535 0 0
-168.332840 274.186768 -2066.841553	-181.083054 274.186768 -2063.425049
1 -0.258846 0.000000 -0.965919	0 0.000000 0.000000 0.000000

CAMERA_ELEMENT 4
-236.035217 294.065918 -2387.286621
-0.814922 0.021157 -0.579184	0.064908 0.996378 -0.054929	0.575924 -0.082357 -0.813344
0 0.000000 1
1 1 12 1 0 3.000000 0 45.000000 0.600000
0.000000 0.000000 0.000000
c18
TRIGGER_ELEMENT 5
-231.166061 294.307739 -2263.363525
0.017453 0.000000 -0.999848	0.000000 1.000000 0.000000	0.999848 0.000000 0.017453
6 1 1.000000 15.000000 0.250000 0.000000 200.000000 -1 -1 -1 -1 34 -1 0 65535 0 0
-223.667206 294.307739 -2263.232666	-238.664917 294.307739 -2263.494385
1 0.017458 0.000000 -0.999848	0 0.000000 0.000000 0.000000

CAMERA_ELEMENT 4
-99.835953 292.334778 -2576.471191
1.000000 0.000000 0.000000	0.000000 1.000000 0.000000	0.000000 0.000000 1.000000
1 2.000000 1
1 1 12 1 0 3.000000 0 45.000000 0.600000
0.000000 0.000000 0.000000
c19
TRIGGER_ELEMENT 5
-153.616928 286.936035 -2475.673828
0.819152 0.000000 -0.573576	0.000000 1.000000 0.000000	0.573576 0.000000 0.819152
6 1 1.000000 22.799999 0.250000 0.000000 200.000000 -1 -1 -1 -1 36 -1 0 65535 0 0
-147.078156 286.936035 -2466.335449	-160.155701 286.936035 -2485.012207
1 0.819195 0.000000 -0.573516	0 0.000000 0.000000 0.000000

CAMERA_ELEMENT 4
-195.768173 292.547516 -2779.013916
1.000000 0.000000 0.000000	0.000000 1.000000 0.000000	0.000000 0.000000 1.000000
0 0.000000 1
1 1 12 1 0 3.000000 0 45.000000 0.600000
0.000000 0.000000 0.000000
c20
TRIGGER_ELEMENT 5
-127.456825 288.554413 -2635.596924
-0.342020 0.000000 -0.939693	0.000000 1.000000 0.000000	0.939693 0.000000 -0.342020
6 1 1.000000 89.399994 0.250000 0.000000 200.000000 -1 -1 -1 -1 38 -1 0 65535 0 0
-85.452553 288.554413 -2650.885254	-169.461090 288.554413 -2620.308594
1 -0.342024 0.000000 -0.939691	0 0.000000 0.000000 0.000000

CAMERA_ELEMENT 4
-315.882294 297.861084 -2806.145752
1.000000 0.000000 0.000000	0.000000 1.000000 0.000000	0.000000 0.000000 1.000000
1 2.000000 1
1 1 12 0 0 3.000000 1 30.000000 0.600000
0.000000 0.000000 0.000000
c21
TRIGGER_ELEMENT 5
-221.731964 290.744324 -2786.939453
0.951056 0.000000 0.309017	0.000000 1.000000 0.000000	-0.309017 0.000000 0.951056
6 1 1.000000 110.699997 0.250000 0.000000 200.000000 -1 -1 -1 -1 40 -1 0 65535 0 0
-238.836044 290.744324 -2734.298584	-204.627884 290.744324 -2839.580322
2 -0.951037 0.000000 -0.309078	0 0.000000 0.000000 0.000000

CAMERA_ELEMENT 4
-501.704102 283.639069 -3003.415283
1.000000 0.000000 0.000000	0.000000 1.000000 0.000000	0.000000 0.000000 1.000000
0 0.000000 1
1 1 12 1 0 3.000000 0 45.000000 0.600000
0.000000 0.000000 0.000000
c22
TRIGGER_ELEMENT 5
-383.067108 295.806519 -2956.095459
0.694658 0.000000 0.719340	0.000000 1.000000 0.000000	-0.719340 0.000000 0.694658
6 1 1.000000 91.700005 0.250000 0.000000 200.000000 -1 -1 -1 -1 42 -1 0 65535 0 0
-416.048859 295.806519 -2924.245361	-350.085358 295.806519 -2987.945557
2 -0.694716 0.000000 -0.719284	0 0.000000 0.000000 0.000000

CAMERA_ELEMENT 4
-543.626099 281.572723 -3059.203613
-0.977682 0.023277 -0.208799	0.038894 0.996718 -0.071003	0.206461 -0.077539 -0.975378
0 0.000000 0
1 1 12 0 0 3.000000 1 45.000000 0.600000
0.000000 0.000000 0.000000
c23
TRIGGER_ELEMENT 5
-484.073120 278.157593 -3066.503906
-0.500000 0.000000 -0.866026	0.000000 1.000000 0.000000	0.866026 0.000000 -0.500000
6 1 1.000000 119.400017 0.250000 0.000000 200.000000 -1 -1 -1 -1 44 -1 0 65535 0 0
-432.371399 278.157593 -3096.354004	-535.774841 278.157593 -3036.653809
1 -0.500025 0.000000 -0.866011	0 0.000000 0.000000 0.000000

CAMERA_ELEMENT 4
-444.890472 262.495087 -3307.058350
1.000000 0.000000 0.000000	0.000000 1.000000 0.000000	0.000000 0.000000 1.000000
0 0.000000 1
1 1 12 0 0 3.000000 1 45.000000 0.600000
0.000000 0.000000 0.000000
c24
TRIGGER_ELEMENT 5
-497.264465 262.150543 -3241.642090
0.615662 0.000000 -0.788011	0.000000 1.000000 0.000000	0.788011 0.000000 0.615662
6 1 1.000000 126.999977 0.250000 0.000000 200.000000 -1 -1 -1 -1 46 -1 0 65535 0 0
-447.225800 262.150543 -3202.547607	-547.303162 262.150543 -3280.736572
1 0.615625 0.000000 -0.788039	0 0.000000 0.000000 0.000000

CAMERA_ELEMENT 4
-116.625404 267.833069 -3272.347656
1.000000 0.000000 0.000000	0.000000 1.000000 0.000000	0.000000 0.000000 1.000000
0 0.000000 1
1 1 12 1 0 3.000000 0 45.000000 0.600000
0.000000 0.000000 0.000000
c25
TRIGGER_ELEMENT 5
-311.093964 251.106354 -3274.682617
0.996195 0.000000 0.087156	0.000000 1.000000 0.000000	-0.087156 0.000000 0.996195
6 1 1.000000 58.500008 0.250000 0.000000 200.000000 -1 -1 -1 -1 48 -1 0 65535 0 0
-313.643280 251.106354 -3245.543945	-308.544647 251.106354 -3303.821289
1 0.996194 0.000000 0.087159	0 0.000000 0.000000 0.000000

CAMERA_ELEMENT 4
-25.797733 253.990936 -3392.259521
1.000000 0.000000 0.000000	0.000000 1.000000 0.000000	0.000000 0.000000 1.000000
0 0.000000 1
1 1 12 1 0 3.000000 0 45.000000 0.600000
0.000000 0.000000 0.000000
c26
TRIGGER_ELEMENT 5
-96.488373 260.486115 -3288.864258
0.891007 0.000000 -0.453990	0.000000 1.000000 0.000000	0.453990 0.000000 0.891007
6 1 1.000000 14.000001 0.250000 0.000000 200.000000 -1 -1 -1 -1 50 -1 0 65535 0 0
-93.310440 260.486115 -3282.627197	-99.666306 260.486115 -3295.101318
1 0.890962 0.000000 -0.454079	0 0.000000 0.000000 0.000000

CAMERA_ELEMENT 4
40.981846 242.529694 -3451.493896
1.000000 0.000000 0.000000	0.000000 1.000000 0.000000	0.000000 0.000000 1.000000
0 0.000000 1
1 1 10 0 0 3.000000 0 45.000000 0.600000
0.000000 0.000000 0.000000
c27
TRIGGER_ELEMENT 5
28.731617 243.170044 -3434.162109
0.754710 0.000000 -0.656059	0.000000 1.000000 0.000000	0.656059 0.000000 0.754710
6 1 1.000000 39.700001 0.250000 0.000000 200.000000 -1 -1 -1 -1 52 -1 0 65535 0 0
41.754395 243.170044 -3419.181152	15.708840 243.170044 -3449.143066
1 0.754736 0.000000 -0.656029	0 0.000000 0.000000 0.000000

CAMERA_ELEMENT 4
-245.982849 199.462189 -3650.275391
1.000000 0.000000 0.000000	0.000000 1.000000 0.000000	0.000000 0.000000 1.000000
0 0.000000 1
1 1 12 1 0 5.000000 0 45.000000 0.600000
0.000000 0.000000 0.000000
c28
TRIGGER_ELEMENT 5
-106.479088 202.284073 -3722.470947
1.000000 0.000000 0.000000	0.000000 1.000000 0.000000	0.000000 0.000000 1.000000
6 1 1.000000 65.099998 0.250000 0.000000 200.000000 -1 -1 -1 -1 54 -1 0 0 0 0
-106.479088 202.284073 -3689.920898	-106.479088 202.284073 -3755.020996
2 -1.000000 0.000000 0.000000	0 0.000000 0.000000 0.000000
Replay Camera Trigger
CAMERA_ELEMENT 4
-428.052338 201.459381 -3749.926025
0.342517 0.037516 -0.938762	0.055854 0.996622 0.060207	0.937850 -0.073056 0.339265
0 0.000000 1
1 1 12 1 0 3.000000 0 45.000000 0.600000
0.000000 0.000000 0.000000
c29
TRIGGER_ELEMENT 5
-273.522980 195.623566 -3672.348145
-0.996195 0.000000 -0.087156	0.000000 1.000000 0.000000	0.087156 0.000000 -0.996195
6 1 1.000000 88.199997 0.250000 0.000000 200.000000 -1 -1 -1 -1 56 -1 0 0 0 0
-269.679413 195.623566 -3716.280273	-277.366547 195.623566 -3628.416016
1 -0.996194 0.000000 -0.087159	0 0.000000 0.000000 0.000000
Replay Camera Trigger
CAMERA_ELEMENT 4
-638.977417 193.449112 -3682.369385
1.000000 0.000000 0.000000	0.000000 1.000000 0.000000	0.000000 0.000000 1.000000
0 0.000000 1
1 1 12 1 0 3.000000 0 45.000000 0.600000
0.000000 0.000000 0.000000
c31
CAMERA_ELEMENT 4
-1033.627563 178.410767 -3685.854980
1.000000 0.000000 0.000000	0.000000 1.000000 0.000000	0.000000 0.000000 1.000000
0 0.000000 1
1 1 12 0 0 3.000000 1 45.000000 0.600000
0.000000 0.000000 0.000000
c32
TRIGGER_ELEMENT 5
-517.867981 192.237152 -3813.061035
-0.965926 0.000000 0.258819	0.000000 1.000000 0.000000	-0.258819 0.000000 -0.965926
6 1 1.000000 134.000015 0.250000 0.000000 200.000000 -1 -1 -1 -1 58 -1 0 0 0 0
-535.208862 192.237152 -3877.778076	-500.527100 192.237152 -3748.343994
1 -0.965932 0.000000 0.258795	0 0.000000 0.000000 0.000000
Replay Camera Trigger
TRIGGER_ELEMENT 5
-844.260986 184.736801 -3722.848633
0.984808 0.000000 0.173648	0.000000 1.000000 0.000000	-0.173648 0.000000 0.984808
6 1 1.000000 83.699997 0.250000 0.000000 200.000000 -1 -1 -1 -1 59 -1 0 65535 0 0
-851.528137 184.736801 -3681.634521	-836.993835 184.736801 -3764.062744
2 -0.984819 0.000000 -0.173587	0 0.000000 0.000000 0.000000

CAMERA_ELEMENT 4
-1198.182251 150.504410 -3899.815674
1.000000 0.000000 0.000000	0.000000 1.000000 0.000000	0.000000 0.000000 1.000000
0 0.000000 1
1 1 12 1 0 3.000000 0 45.000000 0.600000
0.000000 0.000000 0.000000
c33
TRIGGER_ELEMENT 5
-1149.875000 161.095596 -3802.893311
-0.469471 0.000000 -0.882948	0.000000 1.000000 0.000000	0.882948 0.000000 -0.469471
6 1 1.000000 65.300003 0.250000 0.000000 200.000000 -1 -1 -1 -1 62 -1 0 0 0 0
-1121.046753 161.095596 -3818.221436	-1178.703247 161.095596 -3787.565186
1 -0.469435 0.000000 -0.882967	0 0.000000 0.000000 0.000000
Replay Camera Trigger
CAMERA_ELEMENT 4
-1086.803955 128.423782 -4006.180908
1.000000 0.000000 0.000000	0.000000 1.000000 0.000000	0.000000 0.000000 1.000000
0 0.000000 1
1 1 12 0 0 3.000000 1 30.000000 0.600000
0.000000 0.000000 0.000000
c34
TRIGGER_ELEMENT 5
-1121.179565 126.744576 -3988.250488
0.573577 0.000000 -0.819152	0.000000 1.000000 0.000000	0.819152 0.000000 0.573577
6 1 1.000000 35.400002 0.250000 0.000000 200.000000 -1 -1 -1 -1 64 -1 0 0 0 0
-1106.680542 126.744576 -3978.098145	-1135.678589 126.744576 -3998.402832
1 0.573626 0.000000 -0.819117	0 0.000000 0.000000 0.000000
Replay Camera Trigger
CAMERA_ELEMENT 4
-986.548218 111.465080 -4183.930664
-0.764946 0.027297 0.643516	0.107853 0.990424 0.086192	-0.635000 0.135337 -0.760564
0 0.000000 1
1 1 12 1 0 4.000000 0 45.000000 0.600000
0.000000 0.000000 0.000000
c35
TRIGGER_ELEMENT 5
-1028.009888 103.384880 -4096.573242
0.573576 0.000000 -0.819152	0.000000 1.000000 0.000000	0.819152 0.000000 0.573576
6 1 1.000000 34.099998 0.250000 0.000000 200.000000 -1 -1 -1 -1 66 -1 0 65535 0 0
-1014.043335 103.384880 -4086.793701	-1041.976440 103.384880 -4106.352539
1 0.573512 0.000000 -0.819198	0 0.000000 0.000000 0.000000

CAMERA_ELEMENT 4
-1050.614014 85.628510 -4437.886230
1.000000 0.000000 0.000000	0.000000 1.000000 0.000000	0.000000 0.000000 1.000000
0 2.000000 1
1 1 12 0 0 3.000000 1 25.000000 0.600000
0.000000 0.000000 0.000000
c36
TRIGGER_ELEMENT 5
-1060.262939 92.200165 -4289.238281
-0.275637 0.000000 -0.961262	0.000000 1.000000 0.000000	0.961262 0.000000 -0.275637
6 1 1.000000 31.699999 0.250000 0.000000 200.000000 -1 -1 -1 -1 68 -1 0 65535 0 0
-1045.026978 92.200165 -4293.606934	-1075.498901 92.200165 -4284.869629
1 -0.275591 0.000000 -0.961275	0 0.000000 0.000000 0.000000

CAMERA_ELEMENT 4
-1071.483643 65.718323 -4532.999512
1.000000 0.000000 0.000000	0.000000 1.000000 0.000000	0.000000 0.000000 1.000000
0 0.000000 1
1 1 11 0 0 2.500000 0 45.000000 0.900000
0.000000 0.000000 0.000000
c37
TRIGGER_ELEMENT 5
-1065.335815 62.059818 -4536.106445
-0.453990 0.000000 -0.891007	0.000000 1.000000 0.000000	0.891007 0.000000 -0.453990
6 1 1.000000 39.100002 0.250000 0.000000 200.000000 -1 -1 -1 -1 70 -1 0 65535 0 0
-1047.916626 62.059818 -4544.981934	-1082.755005 62.059818 -4527.230957
1 -0.453939 0.000000 -0.891033	0 0.000000 0.000000 0.000000

CAMERA_ELEMENT 4
-878.400024 58.956993 -4884.798828
0.669414 0.023772 0.742509	-0.108006 0.991983 0.065614	-0.734996 -0.124119 0.666615
0 0.000000 1
1 1 12 0 0 3.000000 1 45.000000 0.600000
0.000000 0.000000 0.000000
c38
TRIGGER_ELEMENT 5
-1021.063660 50.177437 -4815.000977
0.838671 0.000000 -0.544639	0.000000 1.000000 0.000000	0.544639 0.000000 0.838671
6 1 1.000000 31.200001 0.250000 0.000000 200.000000 -1 -1 -1 -1 72 -1 0 65535 0 0
-1012.567261 50.177437 -4801.917480	-1029.560059 50.177437 -4828.084473
1 0.838768 0.000000 -0.544488	0 0.000000 0.000000 0.000000

CAMERA_ELEMENT 4
-642.688660 65.121269 -4943.687500
0.410494 -0.109283 0.905291	0.100116 0.992192 0.074377	-0.906351 0.060103 0.418230
0 0.000000 1
1 1 12 1 0 3.000000 0 45.000000 0.600000
0.000000 0.000000 0.000000
c39
TRIGGER_ELEMENT 5
-783.362366 57.366768 -4922.265625
-0.992546 0.000000 0.121870	0.000000 1.000000 0.000000	-0.121870 0.000000 -0.992546
6 1 1.000000 19.200001 0.250000 0.000000 200.000000 -1 -1 -1 -1 74 -1 0 65535 0 0
-784.532288 57.366768 -4931.793945	-782.192444 57.366768 -4912.737305
2 0.992522 0.000000 -0.122066	0 0.000000 0.000000 0.000000

CAMERA_ELEMENT 4
-485.562256 47.032112 -4956.021484
-0.365131 0.403544 -0.838947	0.337638 0.897213 0.284622	0.867571 -0.179336 -0.463852
1 3.000000 1
1 1 12 1 0 2.500000 0 45.000000 0.600000
0.000000 0.000000 0.000000
c40
TRIGGER_ELEMENT 5
-579.214478 48.958664 -4977.168945
-0.999391 0.000000 -0.034899	0.000000 1.000000 0.000000	0.034899 0.000000 -0.999391
6 1 1.000000 26.700001 0.250000 0.000000 200.000000 -1 -1 -1 -1 76 -1 0 65535 0 0
-578.748596 48.958664 -4990.510742	-579.680359 48.958664 -4963.827148
2 0.999399 0.000000 0.034668	0 0.000000 0.000000 0.000000

CAMERA_ELEMENT 4
-152.397293 39.082794 -5066.534668
0.174775 0.075479 0.981711	0.029809 0.996195 -0.081900	-0.984157 0.043578 0.171860
0 0.000000 0
1 1 12 0 0 3.000000 1 45.000000 0.600000
0.000000 0.000000 0.000000
c41
TRIGGER_ELEMENT 5
-384.328705 45.964817 -4986.420410
1.000000 0.000000 0.000000	0.000000 1.000000 0.000000	0.000000 0.000000 1.000000
6 1 1.000000 34.700001 0.250000 0.000000 200.000000 -1 -1 -1 -1 78 -1 0 65535 0 0
-384.328705 45.964817 -4969.070313	-384.328705 45.964817 -5003.770508
1 1.000000 0.000000 0.000000	0 0.000000 0.000000 0.000000

CAMERA_ELEMENT 4
-50.275375 34.041866 -5114.976563
0.939693 0.000000 0.342020	0.000000 1.000000 0.000000	-0.342020 0.000000 0.939693
0 0.000000 1
1 1 12 1 0 3.000000 0 45.000000 0.600000
0.000000 0.000000 0.000000
c42
TRIGGER_ELEMENT 5
-124.348663 32.573490 -5061.877930
1.000000 0.000000 0.000000	0.000000 1.000000 0.000000	0.000000 0.000000 1.000000
6 1 1.000000 37.400002 0.250000 0.000000 200.000000 -1 -1 -1 -1 80 -1 0 65535 0 0
-124.348663 32.573490 -5043.177734	-124.348663 32.573490 -5080.578125
1 1.000000 0.000000 0.000000	0 0.000000 0.000000 0.000000

CAMERA_ELEMENT 4
97.618973 18.629574 -5221.094727
1.000000 0.000000 0.000000	0.000000 1.000000 0.000000	0.000000 0.000000 1.000000
0 0.000000 1
1 1 12 0 2 3.000000 1 35.000000 0.600000
0.000000 0.000000 0.000000
c43
TRIGGER_ELEMENT 5
0.082051 17.395687 -5166.489258
0.798636 0.000000 -0.601815	0.000000 1.000000 0.000000	0.601815 0.000000 0.798636
6 1 1.000000 41.400002 0.250000 0.000000 200.000000 -1 -1 -1 -1 82 -1 0 65535 0 0
12.539622 17.395687 -5149.957520	-12.375520 17.395687 -5183.020996
1 0.798522 0.000000 -0.601965	0 0.000000 0.000000 0.000000

CAMERA_ELEMENT 4
222.151688 13.080304 -5404.954102
1.000000 0.000000 0.000000	0.000000 1.000000 0.000000	0.000000 0.000000 1.000000
0 0.000000 1
1 1 12 1 0 5.000000 0 45.000000 0.600000
0.000000 0.000000 0.000000
c44
TRIGGER_ELEMENT 5
152.564346 12.817554 -5289.513672
-0.681998 0.000000 0.731354	0.000000 1.000000 0.000000	-0.731354 0.000000 -0.681998
6 1 1.000000 25.799999 0.250000 0.000000 200.000000 -1 -1 -1 -1 84 -1 0 65535 0 0
143.129883 12.817554 -5298.311523	161.998810 12.817554 -5280.715820
2 0.681949 0.000000 -0.731400	0 0.000000 0.000000 0.000000

TRIGGER_ELEMENT 5
227.875931 7.553282 -5445.257324
0.173648 0.000000 -0.984808	0.000000 1.000000 0.000000	0.984808 0.000000 0.173648
6 1 1.000000 17.200001 0.250000 0.000000 200.000000 -1 -1 -1 -1 84 -1 0 65535 0 0
236.345276 7.553282 -5443.764160	219.406586 7.553282 -5446.750488
2 -0.173636 0.000000 0.984810	0 0.000000 0.000000 0.000000

TRIGGER_ELEMENT 5
166.370987 12.714702 -5306.277344
-0.656059 0.000000 0.754710	0.000000 1.000000 0.000000	-0.754710 0.000000 -0.656059
6 1 1.000000 20.700001 0.250000 0.000000 200.000000 -1 -1 -1 -1 82 -1 0 65535 0 0
158.559738 12.714702 -5313.067383	174.182236 12.714702 -5299.487305
1 -0.655969 0.000000 0.754788	0 0.000000 0.000000 0.000000

TRIGGER_ELEMENT 5
35.258881 16.879292 -5188.171875
-0.906308 0.000000 0.422618	0.000000 1.000000 0.000000	-0.422618 0.000000 -0.906308
6 1 1.000000 33.799999 0.250000 0.000000 200.000000 -1 -1 -1 -1 80 -1 0 65535 0 0
28.116629 16.879292 -5203.488281	42.401131 16.879292 -5172.855469
1 -0.906218 0.000000 0.422810	0 0.000000 0.000000 0.000000

CAMERA_ELEMENT 4
-319.226501 42.212921 -5013.794922
-0.373923 -0.061048 -0.925448	0.140101 0.982662 -0.121430	0.916816 -0.175062 -0.358887
0 0.000000 0
1 1 12 0 0 3.000000 1 30.000000 0.600000
0.000000 0.000000 0.000000
c61
TRIGGER_ELEMENT 5
-130.957626 33.265560 -5062.050781
-0.999848 0.000000 0.017453	0.000000 1.000000 0.000000	-0.017453 0.000000 -0.999848
6 1 1.000000 28.800001 0.250000 0.000000 200.000000 -1 -1 -1 -1 89 -1 0 65535 0 0
-131.208939 33.265560 -5076.448730	-130.706314 33.265560 -5047.652832
1 -0.999846 0.000000 0.017578	0 0.000000 0.000000 0.000000

TRIGGER_ELEMENT 5
-345.270905 43.551506 -4987.802734
-0.951056 0.000000 0.309017	0.000000 1.000000 0.000000	-0.309017 0.000000 -0.951056
6 1 1.000000 33.700001 0.250000 0.000000 200.000000 -1 -1 -1 -1 76 -1 0 65535 0 0
-350.477844 43.551506 -5003.828125	-340.063965 43.551506 -4971.777344
1 -0.951037 0.000000 0.309078	0 0.000000 0.000000 0.000000

TRIGGER_ELEMENT 5
-574.245056 47.989452 -4976.764160
0.994522 0.000000 0.104528	0.000000 1.000000 0.000000	-0.104528 0.000000 0.994522
6 1 1.000000 20.000000 0.250000 0.000000 200.000000 -1 -1 -1 -1 74 -1 0 65535 0 0
-575.290344 47.989452 -4966.818848	-573.199768 47.989452 -4986.709473
2 -0.994525 0.000000 -0.104494	0 0.000000 0.000000 0.000000

TRIGGER_ELEMENT 5
-784.841797 57.361046 -4922.251953
0.996195 0.000000 -0.087156	0.000000 1.000000 0.000000	0.087156 0.000000 0.996195
6 1 1.000000 24.799999 0.250000 0.000000 200.000000 -1 -1 -1 -1 72 -1 0 65535 0 0
-783.761047 57.361046 -4909.898926	-785.922546 57.361046 -4934.604980
2 -0.996216 0.000000 0.086914	0 0.000000 0.000000 0.000000

CAMERA_ELEMENT 4
-1099.937866 59.643261 -4663.949707
1.000000 0.000000 0.000000	0.000000 1.000000 0.000000	0.000000 0.000000 1.000000
0 0.000000 1
1 1 12 1 0 2.000000 0 45.000000 0.600000
0.000000 0.000000 0.000000
c62
TRIGGER_ELEMENT 5
-1010.187866 50.177269 -4821.598633
-0.891006 0.000000 0.453991	0.000000 1.000000 0.000000	-0.453991 0.000000 -0.891006
6 1 1.000000 26.900002 0.250000 0.000000 200.000000 -1 -1 -1 -1 94 -1 0 65535 0 0
-1016.294067 50.177269 -4833.582520	-1004.081665 50.177269 -4809.614746
1 -0.890958 0.000000 0.454085	0 0.000000 0.000000 0.000000

TRIGGER_ELEMENT 5
-1067.876709 60.574238 -4542.560547
0.500000 0.000000 0.866025	0.000000 1.000000 0.000000	-0.866025 0.000000 0.500000
6 1 1.000000 33.300003 0.250000 0.000000 200.000000 -1 -1 -1 -1 68 -1 0 65535 0 0
-1082.296021 60.574238 -4534.235352	-1053.457397 60.574238 -4550.885742
1 0.499920 0.000000 0.866072	0 0.000000 0.000000 0.000000

TRIGGER_ELEMENT 5
-1064.694092 91.035431 -4300.827148
0.173648 0.000000 0.984808	0.000000 1.000000 0.000000	-0.984808 0.000000 0.173648
6 1 1.000000 31.800003 0.250000 0.000000 200.000000 -1 -1 -1 -1 66 -1 0 65535 0 0
-1080.352539 91.035431 -4298.065918	-1049.035645 91.035431 -4303.588379
1 0.173695 0.000000 0.984800	0 0.000000 0.000000 0.000000

TRIGGER_ELEMENT 5
-1023.816284 102.627930 -4102.702637
-0.544639 0.000000 0.838671	0.000000 1.000000 0.000000	-0.838671 0.000000 -0.544639
6 1 1.000000 34.200001 0.250000 0.000000 200.000000 -1 -1 -1 -1 64 -1 0 65535 0 0
-1038.157593 102.627930 -4112.016113	-1009.475037 102.627930 -4093.389404
1 -0.544576 0.000000 0.838711	0 0.000000 0.000000 0.000000

TRIGGER_ELEMENT 5
-1122.154175 127.100822 -3986.739990
-0.559193 0.000000 0.829038	0.000000 1.000000 0.000000	-0.829038 0.000000 -0.559193
6 1 1.000000 30.600000 0.250000 0.000000 200.000000 -1 -1 -1 -1 62 -1 0 65535 0 0
-1134.838501 127.100822 -3995.295654	-1109.469849 127.100822 -3978.184326
1 -0.559171 0.000000 0.829052	0 0.000000 0.000000 0.000000

TRIGGER_ELEMENT 5
-1148.374390 160.634079 -3814.115967
0.573576 0.000000 0.819152	0.000000 1.000000 0.000000	-0.819152 0.000000 0.573576
6 1 1.000000 55.600002 0.250000 0.000000 200.000000 -1 -1 -1 -1 59 -1 0 65535 0 0
-1171.146851 160.634079 -3798.170654	-1125.601929 160.634079 -3830.061279
1 0.573626 0.000000 0.819117	0 0.000000 0.000000 0.000000

TRIGGER_ELEMENT 5
-883.623230 183.277176 -3717.143555
1.000000 0.000000 0.000000	0.000000 1.000000 0.000000	0.000000 0.000000 1.000000
6 1 1.000000 81.300003 0.250000 0.000000 200.000000 -1 -1 -1 -1 58 -1 0 65535 0 0
-883.623230 183.277176 -3676.493652	-883.623230 183.277176 -3757.793457
1 1.000000 0.000000 0.000000	0 0.000000 0.000000 0.000000

TRIGGER_ELEMENT 5
-527.386841 195.543381 -3725.712158
0.965926 0.000000 -0.258819	0.000000 1.000000 0.000000	0.258819 0.000000 0.965926
6 1 1.000000 37.700008 0.250000 0.000000 200.000000 -1 -1 -1 -1 56 -1 0 0 0 0
-522.508118 195.543381 -3707.504395	-532.265564 195.543381 -3743.919922
1 0.965934 0.000000 -0.258787	0 0.000000 0.000000 0.000000
Replay Camera Trigger
TRIGGER_ELEMENT 5
-356.660919 191.933228 -3751.738525
-0.788011 0.000000 -0.615662	0.000000 1.000000 0.000000	0.615662 0.000000 -0.788011
6 1 1.000000 90.099998 0.250000 0.000000 200.000000 -1 -1 -1 -1 54 -1 0 65535 0 0
-328.925354 191.933228 -3787.238525	-384.396484 191.933228 -3716.238525
2 0.787986 0.000000 0.615693	0 0.000000 0.000000 0.000000

CAMERA_ELEMENT 4
-4.808109 213.303711 -3670.278809
1.000000 0.000000 0.000000	0.000000 1.000000 0.000000	0.000000 0.000000 1.000000
0 0.000000 1
1 1 12 0 0 3.000000 1 35.000000 0.600000
0.000000 0.000000 0.000000
c63
TRIGGER_ELEMENT 5
-105.387451 202.429977 -3724.804199
1.000000 0.000000 0.000000	0.000000 1.000000 0.000000	0.000000 0.000000 1.000000
6 1 1.000000 57.400002 0.250000 0.000000 200.000000 -1 -1 -1 -1 104 -1 0 0 0 0
-105.387451 202.429977 -3696.104248	-105.387451 202.429977 -3753.504150
1 1.000000 0.000000 0.000000	0 0.000000 0.000000 0.000000
Replay Camera Trigger
CAMERA_ELEMENT 4
47.896061 249.125504 -3436.602051
-0.924678 0.130540 0.357672	0.143292 0.989637 0.009261	-0.352757 0.059815 -0.933801
0 0.000000 0
1 1 12 0 0 3.000000 1 45.000000 0.600000
0.000000 0.000000 0.000000
c64
TRIGGER_ELEMENT 5
48.246655 221.752686 -3610.980713
0.258819 0.000000 0.965926	0.000000 1.000000 0.000000	-0.965926 0.000000 0.258819
6 1 1.000000 61.099998 0.250000 0.000000 200.000000 -1 -1 -1 -1 106 -1 0 0 0 0
18.737616 221.752686 -3603.073730	77.755692 221.752686 -3618.887695
1 0.258846 0.000000 0.965919	0 0.000000 0.000000 0.000000
Replay Camera Trigger
TRIGGER_ELEMENT 5
29.445644 243.089020 -3434.832031
-0.731354 0.000000 0.681998	0.000000 1.000000 0.000000	-0.681998 0.000000 -0.731354
6 1 1.000000 35.599998 0.250000 0.000000 200.000000 -1 -1 -1 -1 50 -1 0 65535 0 0
17.306072 243.089020 -3447.850098	41.585217 243.089020 -3421.813965
1 -0.731410 0.000000 0.681938	0 0.000000 0.000000 0.000000

TRIGGER_ELEMENT 5
-34.370632 250.944809 -3374.588623
-0.573576 0.000000 0.819152	0.000000 1.000000 0.000000	-0.819152 0.000000 -0.573576
6 1 1.000000 23.600000 0.250000 0.000000 200.000000 -1 -1 -1 -1 48 -1 0 65535 0 0
-44.036629 250.944809 -3381.356934	-24.704636 250.944809 -3367.820313
1 -0.573606 0.000000 0.819132	0 0.000000 0.000000 0.000000

TRIGGER_ELEMENT 5
-233.764252 253.795715 -3277.752441
-0.994522 0.000000 -0.104529	0.000000 1.000000 0.000000	0.104529 0.000000 -0.994522
6 1 1.000000 25.200001 0.250000 0.000000 200.000000 -1 -1 -1 -1 46 -1 0 65535 0 0
-232.447189 253.795715 -3290.283447	-235.081314 253.795715 -3265.221436
1 -0.994526 0.000000 -0.104493	0 0.000000 0.000000 0.000000

TRIGGER_ELEMENT 5
-503.505341 263.690918 -3220.396240
-0.469471 0.000000 0.882948	0.000000 1.000000 0.000000	-0.882948 0.000000 -0.469471
6 1 1.000000 133.699997 0.250000 0.000000 200.000000 -1 -1 -1 -1 44 -1 0 0 0 0
-562.530396 263.690918 -3251.780273	-444.480286 263.690918 -3189.012207
1 -0.469435 0.000000 0.882967	0 0.000000 0.000000 0.000000
Replay Camera Trigger
TRIGGER_ELEMENT 5
-482.650177 278.300507 -3064.091797
0.515038 0.000000 0.857167	0.000000 1.000000 0.000000	-0.857167 0.000000 0.515038
6 1 1.000000 121.799995 0.250000 0.000000 200.000000 -1 -1 -1 -1 42 -1 0 65535 0 0
-534.851685 278.300507 -3032.726074	-430.448700 278.300507 -3095.457520
1 0.515039 0.000000 0.857167	0 0.000000 0.000000 0.000000

TRIGGER_ELEMENT 5
-380.478912 295.925110 -2953.708252
-0.642787 0.000000 -0.766045	0.000000 1.000000 0.000000	0.766045 0.000000 -0.642787
6 1 1.000000 49.400002 0.250000 0.000000 200.000000 -1 -1 -1 -1 40 -1 0 65535 0 0
-361.557617 295.925110 -2969.585205	-399.400208 295.925110 -2937.831299
2 0.642756 0.000000 0.766071	0 0.000000 0.000000 0.000000

TRIGGER_ELEMENT 5
-297.400116 292.716461 -2821.260254
0.882948 0.000000 0.469471	0.000000 1.000000 0.000000	-0.469471 0.000000 0.882948
6 1 1.000000 61.700005 0.250000 0.000000 200.000000 -1 -1 -1 -1 38 -1 0 65535 0 0
-311.883301 292.716461 -2794.021240	-282.916931 292.716461 -2848.499268
1 0.882940 0.000000 0.469485	0 0.000000 0.000000 0.000000

TRIGGER_ELEMENT 5
-173.389404 286.714996 -2739.219482
0.515038 0.000000 0.857167	0.000000 1.000000 0.000000	-0.857167 0.000000 0.515038
6 1 1.000000 86.199997 0.250000 0.000000 200.000000 -1 -1 -1 -1 36 -1 0 65535 0 0
-210.333313 286.714996 -2717.021240	-136.445496 286.714996 -2761.417725
1 0.515039 0.000000 0.857167	0 0.000000 0.000000 0.000000

TRIGGER_ELEMENT 5
-158.200455 287.114502 -2473.111816
-0.866025 0.000000 0.500000	0.000000 1.000000 0.000000	-0.500000 0.000000 -0.866025
6 1 1.000000 20.500000 0.250000 0.000000 200.000000 -1 -1 -1 -1 34 -1 0 65535 0 0
-163.325455 287.114502 -2481.988525	-153.075455 287.114502 -2464.235107
1 -0.866026 0.000000 0.499999	0 0.000000 0.000000 0.000000

TRIGGER_ELEMENT 5
-231.002594 294.331879 -2261.678955
-0.034899 0.000000 0.999391	0.000000 1.000000 0.000000	-0.999391 0.000000 -0.034899
6 1 1.000000 15.000000 0.250000 0.000000 200.000000 -1 -1 -1 -1 32 -1 0 65535 0 0
-238.498032 294.331879 -2261.940674	-223.507156 294.331879 -2261.417236
1 -0.034893 0.000000 0.999391	0 0.000000 0.000000 0.000000

TRIGGER_ELEMENT 5
-186.592239 279.040070 -2097.371338
0.390731 0.000000 0.920505	0.000000 1.000000 0.000000	-0.920505 0.000000 0.390731
6 1 1.000000 15.200001 0.250000 0.000000 200.000000 -1 -1 -1 -1 30 -1 0 65535 0 0
-193.588074 279.040070 -2094.401855	-179.596405 279.040070 -2100.340820
1 0.390766 0.000000 0.920490	0 0.000000 0.000000 0.000000

TRIGGER_ELEMENT 5
-44.166920 255.802094 -1748.929443
-0.258819 0.000000 0.965926	0.000000 1.000000 0.000000	-0.965926 0.000000 -0.258819
6 1 1.000000 32.299999 0.250000 0.000000 200.000000 -1 -1 -1 -1 28 -1 0 65535 0 0
-59.766621 255.802094 -1753.109375	-28.567219 255.802094 -1744.749512
1 -0.258815 0.000000 0.965927	0 0.000000 0.000000 0.000000

TRIGGER_ELEMENT 5
-101.284050 254.067352 -1645.970703
-0.882948 0.000000 0.469472	0.000000 1.000000 0.000000	-0.469472 0.000000 -0.882948
6 1 1.000000 16.700001 0.250000 0.000000 200.000000 -1 -1 -1 -1 26 -1 0 65535 0 0
-105.204140 254.067352 -1653.343262	-97.363960 254.067352 -1638.598145
1 -0.882944 0.000000 0.469479	0 0.000000 0.000000 0.000000

TRIGGER_ELEMENT 5
-275.171326 247.261230 -1623.668701
-0.743145 0.000000 0.669131	0.000000 1.000000 0.000000	-0.669131 0.000000 -0.743145
6 1 1.000000 19.200001 0.250000 0.000000 200.000000 -1 -1 -1 -1 24 -1 0 65535 0 0
-281.594971 247.261230 -1630.802856	-268.747681 247.261230 -1616.534546
1 -0.743111 0.000000 0.669169	0 0.000000 0.000000 0.000000

CAMERA_ELEMENT 4
-351.187958 220.335739 -1329.823608
-0.748875 0.094447 -0.655946	-0.058208 0.976593 0.207069	0.660150 0.193250 -0.725849
0 0.000000 1
1 1 12 0 0 3.000000 1 65.000000 0.600000
0.000000 0.000000 0.000000
c65
TRIGGER_ELEMENT 5
-331.225769 225.150909 -1417.469604
-0.087156 0.000000 0.996195	0.000000 1.000000 0.000000	-0.996195 0.000000 -0.087156
6 1 1.000000 22.300001 0.250000 0.000000 200.000000 -1 -1 -1 -1 122 -1 0 65535 0 0
-342.333344 225.150909 -1418.441406	-320.118195 225.150909 -1416.497803
1 -0.087156 0.000000 0.996195	0 0.000000 0.000000 0.000000

TRIGGER_ELEMENT 5
-348.588013 217.620926 -1313.968994
0.034900 0.000000 0.999391	0.000000 1.000000 0.000000	-0.999391 0.000000 0.034900
6 1 1.000000 22.000000 0.250000 0.000000 200.000000 -1 -1 -1 -1 154 -1 0 0 0 0
-359.581299 217.620926 -1313.585083	-337.594727 217.620926 -1314.352905
1 0.034912 0.000000 0.999390	0 0.000000 0.000000 0.000000
Replay Camera Trigger
TRIGGER_ELEMENT 5
-127.143585 175.915558 -1076.106812
0.615662 0.000000 0.788011	0.000000 1.000000 0.000000	-0.788011 0.000000 0.615662
6 1 1.000000 19.000000 0.250000 0.000000 200.000000 -1 -1 -1 -1 18 -1 0 65535 0 0
-134.629684 175.915558 -1070.258057	-119.657486 175.915558 -1081.955566
1 0.615684 0.000000 0.787993	0 0.000000 0.000000 0.000000

CAMERA_ELEMENT 4
-144.196518 142.615997 -871.477173
1.000000 0.000000 0.000000	0.000000 1.000000 0.000000	0.000000 0.000000 1.000000
0 0.000000 1
1 1 8 0 0 3.000000 0 45.000000 0.600000
0.000000 0.000000 0.000000
c66
TRIGGER_ELEMENT 5
-137.905869 140.301636 -870.869080
-0.173648 0.000000 0.984808	0.000000 1.000000 0.000000	-0.984808 0.000000 -0.173648
6 1 1.000000 29.699999 0.250000 0.000000 200.000000 -1 -1 -1 -1 126 -1 0 65535 0 0
-152.530258 140.301636 -873.447754	-123.281471 140.301636 -868.290405
1 -0.173646 0.000000 0.984808	0 0.000000 0.000000 0.000000

TRIGGER_ELEMENT 5
-268.073547 108.434059 -731.463257
-0.994522 0.000000 -0.104528	0.000000 1.000000 0.000000	0.104528 0.000000 -0.994522
6 1 1.000000 24.500000 0.250000 0.000000 200.000000 -1 -1 -1 -1 14 -1 0 65535 0 0
-266.793091 108.434059 -743.646179	-269.354004 108.434059 -719.280334
1 -0.994519 0.000000 -0.104555	0 0.000000 0.000000 0.000000

TRIGGER_ELEMENT 5
-254.450500 101.172546 -692.214966
1.000000 0.000000 0.000000	0.000000 1.000000 0.000000	0.000000 0.000000 1.000000
6 1 1.000000 24.500000 0.250000 0.000000 200.000000 -1 -1 -1 -1 12 -1 0 65535 0 0
-254.450500 101.172546 -679.964966	-254.450500 101.172546 -704.464966
1 1.000000 0.000000 0.000000	0 0.000000 0.000000 0.000000

TRIGGER_ELEMENT 5
-245.593246 97.275833 -647.230408
0.997564 0.000000 0.069756	0.000000 1.000000 0.000000	-0.069756 0.000000 0.997564
6 1 1.000000 25.500000 0.250000 0.000000 200.000000 -1 -1 -1 -1 10 -1 0 65535 0 0
-246.482635 97.275833 -634.511475	-244.703857 97.275833 -659.949341
2 -0.997564 0.000000 -0.069764	0 0.000000 0.000000 0.000000

TRIGGER_ELEMENT 5
-183.870697 81.893745 -613.839478
0.945519 0.000000 0.325568	0.000000 1.000000 0.000000	-0.325568 0.000000 0.945519
6 1 1.000000 23.700001 0.250000 0.000000 200.000000 -1 -1 -1 -1 8 -1 0 65535 0 0
-187.728683 81.893745 -602.635071	-180.012711 81.893745 -625.043884
1 0.945521 0.000000 0.325560	0 0.000000 0.000000 0.000000

CAMERA_ELEMENT 4
140.758621 78.424316 -580.805786
