TRIGGER_ELEMENT 5
-217.452179 290.348694 -2783.995361
0.829038 0.000000 0.559193	0.000000 1.000000 0.000000	-0.559193 0.000000 0.829038
1 1 10.000000 13.400000 0.250000 0.000000 200.000000 1 -1 -1 1 -1 -1 0 1 0 0
-221.198776 290.348694 -2778.440918	-213.705582 290.348694 -2789.549805
0 0.000000 0.000000 0.000000	0 0.000000 0.000000 0.000000
End
TRIGGER_ELEMENT 5
-105.556358 152.499008 -942.858337
0.951056 0.000000 0.309017	0.000000 1.000000 0.000000	-0.309017 0.000000 0.951056
2 0 1.000000 3.000000 0.250000 0.000000 200.000000 0 -1 -1 0 -1 6 0 0 0 0
-106.019882 152.499008 -941.431763	-105.092834 152.499008 -944.284912
0 0.000000 0.000000 0.000000	2 0.309016 0.000000 -0.951057
Start
GEOM_ELEMENT 5
-101.633049 152.813019 -943.163391
0.997194 0.064399 0.010378	-0.065274 0.985157 0.158763	0.000000 -0.158995 0.986596
0 1162760003 0 0 -1 1 1 100.000000 100.000000 100.000000
Geometry Element
GEOM_ELEMENT 5
-108.428261 152.799164 -945.851990
0.997090 0.065550 0.010764	-0.066474 0.984602 0.161681	0.000000 -0.161926 0.986094
0 1162760003 0 0 -1 1 1 100.000000 100.000000 100.000000
Geometry Element
GEOM_ELEMENT 5
-220.697815 289.975189 -2778.402588
0.998353 -0.049835 -0.004033	0.050018 0.995493 0.080569	0.000000 -0.080638 0.996346
0 1162760003 0 0 -1 1 1 100.000000 100.000000 100.000000
Geometry Element
GEOM_ELEMENT 5
-213.242645 290.664764 -2788.523926
0.999868 -0.014078 -0.001318	0.014140 0.995548 0.093187	0.000000 -0.093193 0.995616
0 1162760003 0 0 -1 1 1 100.000000 100.000000 100.000000
Geometry Element
GEOM_ELEMENT 5
-218.239807 294.863342 -2783.856201
-0.499713 -0.055087 0.864437	0.033861 0.995970 0.083044	-0.865529 0.070769 -0.495834
1 827806273 0 0 -1 0 1 66.500000 66.500000 66.500000
Geometry Element
GEOM_ELEMENT 5
-165.242462 125.192039 -786.913574
0.763439 -0.025012 0.645395	-0.082398 0.987313 0.135731	-0.640602 -0.156802 0.751693
0 1464094277 0 0 -1 1 1 164.500000 114.500000 124.000000
Geometry Element
GEOM_ELEMENT 5
-177.224854 257.714233 -3272.770264
-0.069611 0.000941 0.997574	-0.064556 0.997899 -0.005446	-0.995483 -0.064779 -0.069404
0 1464094277 0 0 -1 1 1 100.000000 100.000000 150.000000
Geometry Element
