TRIGGER_ELEMENT 5
-33.451576 77.325478 -553.194214
0.978148 0.000000 -0.207912	0.000000 1.000000 0.000000	0.207912 0.000000 0.978148
2 0 1.000000 3.000000 0.250000 0.000000 200.000000 0 -1 -1 0 -1 6 0 0 0 0
-33.139709 77.325478 -551.726990	-33.763443 77.325478 -554.661438
0 0.000000 0.000000 0.000000	3 -0.978153 0.000000 0.207887
Start
GEOM_ELEMENT 5
-35.513039 77.429352 -557.845276
0.981470 -0.166496 0.008816	0.167478 0.984497 -0.052129	0.000000 0.052640 0.994138
0 1162760003 0 0 -1 1 1 100.000000 100.000000 100.000000
Geometry Element
GEOM_ELEMENT 5
-32.582947 77.393822 -549.019226
0.985095 -0.149551 0.007107	0.150259 0.987532 -0.046929	0.000000 0.047298 0.995285
0 1162760003 0 0 -1 1 1 100.000000 100.000000 100.000000
Geometry Element
TRIGGER_ELEMENT 5
-212.328308 113.834648 -736.241882
0.945519 0.000000 -0.325568	0.000000 1.000000 0.000000	0.325568 0.000000 0.945519
1 1 7.000000 17.600000 0.250000 0.000000 200.000000 1 -1 -1 1 -1 -1 0 1 0 0
-209.463303 113.834648 -727.921326	-215.193314 113.834648 -744.562439
0 0.000000 0.000000 0.000000	0 0.000000 0.000000 0.000000
End
GEOM_ELEMENT 5
-209.904526 114.823509 -728.954834
0.980761 0.169384 -0.012545	-0.170640 0.982642 -0.072777	-0.000000 0.073517 0.992641
0 1162760003 0 0 -1 1 1 100.000000 100.000000 100.000000
Geometry Element
GEOM_ELEMENT 5
-214.782684 112.757103 -745.085022
0.973790 0.197384 -0.012327	-0.199029 0.978088 -0.061084	0.000000 0.061937 0.991737
0 1162760003 0 0 -1 1 1 100.000000 100.000000 100.000000
Geometry Element
GEOM_ELEMENT 5
-211.920258 115.597336 -736.698914
0.204387 0.112667 0.972385	-0.183341 0.980182 -0.075034	-0.961567 -0.162942 0.220993
1 827806273 0 0 -1 0 1 29.500000 29.500000 29.500000
Geometry Element
GEOM_ELEMENT 5
136.863708 74.863060 -579.350769
-0.529854 -0.005083 0.848074	-0.015661 0.999870 -0.003792	-0.847944 -0.015291 -0.529865
0 1464094277 0 0 -1 1 1 100.000000 100.000000 100.000000
Geometry Element
GEOM_ELEMENT 5
130.996002 74.814232 -572.763489
-0.469375 0.002624 0.882995	-0.020331 0.999698 -0.013779	-0.882765 -0.024420 -0.469180
0 1464094277 0 0 -1 1 1 100.000000 100.000000 100.000000
Geometry Element
GEOM_ELEMENT 5
-137.412750 140.571365 -872.158813
0.968999 0.003810 0.247033	-0.051674 0.980892 0.187564	-0.241599 -0.194515 0.950680
0 1464094277 0 0 -1 1 1 145.000000 145.000000 145.000000
Geometry Element
