TRIGGER_ELEMENT 5
163.542496 12.724298 -5305.949219
0.624309 -0.004735 -0.781163	0.002956 0.999989 -0.003699	-0.781172 0.000000 -0.624316
2 1 1.000000 29.475666 0.250000 0.000000 200.000000 -1 -1 -1 -1 -1 -1 0 65535 0 0
152.029709 12.724298 -5315.150391	175.055283 12.724298 -5296.748047
0 0.000000 0.000000 0.000000	0 0.000000 0.000000 0.000000

TRIGGER_ELEMENT 5
-175.379501 0.502886 141.041946
-0.201935 -0.009173 -0.979356	-0.001852 0.999958 -0.008984	-0.979199 0.000000 0.202903
1 1 1.000000 22.002726 0.250000 0.000000 200.000000 -1 -1 -1 -1 -1 -1 0 65535 0 0
-186.152023 0.502886 143.274155	-164.606979 0.502886 138.809738
0 0.000000 0.000000 0.000000	0 0.000000 0.000000 0.000000

GEOM_ELEMENT 5
-181.294556 0.478229 139.516251
0.984806 0.000262 -0.173657	-0.001849 0.999958 -0.008977	0.173648 0.009161 0.984765
0 1213419078 0 0 -1 1 1 93.500000 93.500000 93.500000
Geometry Element
GEOM_ELEMENT 5
-175.676636 0.478911 138.434677
0.984806 0.000273 -0.173658	-0.001861 0.999958 -0.008983	0.173648 0.009170 0.984765
0 1213419078 0 0 -1 1 1 90.000000 90.000000 90.000000
Geometry Element
