GEOM_ELEMENT 5
226.249298 11.748256 213.373932
0.999988 0.000020 0.000000	-0.000020 0.999913 0.012720	0.000000 -0.012720 0.999913
0 1162760003 0 0 -1 1 1 100.000000 100.000000 100.000000
Geometry Element
GEOM_ELEMENT 5
211.743774 11.749872 213.224533
0.999988 0.000020 0.000000	-0.000020 0.999913 0.012720	0.000000 -0.012720 0.999913
0 1162760003 0 0 -1 1 1 100.000000 100.000000 100.000000
Geometry Element
GEOM_ELEMENT 5
202.229492 11.186870 272.358856
0.999957 0.000007 0.000000	-0.000007 0.999946 -0.007990	0.000000 0.007990 0.999946
0 1162760003 0 0 -1 1 1 100.000000 100.000000 100.000000
Geometry Element
GEOM_ELEMENT 5
221.492889 14.756462 330.235413
0.999999 0.001147 -0.000165	-0.001159 0.989801 -0.142452	0.000000 0.142452 0.989801
0 1162760003 0 0 -1 1 1 100.000000 100.000000 100.000000
Geometry Element
GEOM_ELEMENT 5
202.787476 14.012124 410.892792
0.999999 -0.000938 -0.000067	0.000941 0.997483 0.070905	0.000000 -0.070905 0.997483
0 1162760003 0 0 -1 1 1 100.000000 100.000000 100.000000
Geometry Element
GEOM_ELEMENT 5
219.108582 9.011016 489.357544
1.000000 -0.000090 -0.000002	0.000090 0.999778 0.021061	0.000000 -0.021061 0.999778
0 1162760003 0 0 -1 1 1 100.000000 100.000000 100.000000
Geometry Element
GEOM_ELEMENT 5
207.948242 7.720147 550.682922
1.000000 -0.000090 -0.000002	0.000090 0.999778 0.021061	0.000000 -0.021061 0.999778
0 1162760003 0 0 -1 1 1 100.000000 100.000000 100.000000
Geometry Element
GEOM_ELEMENT 5
219.458755 6.274189 619.273621
1.000000 -0.000090 -0.000002	0.000090 0.999778 0.021061	0.000000 -0.021061 0.999778
0 1162760003 0 0 -1 1 1 100.000000 100.000000 100.000000
Geometry Element
GEOM_ELEMENT 5
208.873856 5.040307 675.853943
1.000000 0.000007 0.000000	-0.000007 0.999494 0.031795	0.000000 -0.031795 0.999494
0 1162760003 0 0 -1 1 1 100.000000 100.000000 100.000000
Geometry Element
GEOM_ELEMENT 5
221.426559 3.457108 720.277466
1.000000 -0.000060 -0.000003	0.000061 0.998790 0.049175	0.000000 -0.049175 0.998790
0 1162760003 0 0 -1 1 1 100.000000 100.000000 100.000000
Geometry Element
GEOM_ELEMENT 5
215.168839 -3.034623 792.678467
0.999673 0.022048 0.003103	-0.022267 0.989998 0.139314	0.000000 -0.139338 0.990166
0 1162760003 0 0 -1 1 1 100.000000 100.000000 100.000000
Geometry Element
GEOM_ELEMENT 5
228.353806 -7.597310 848.124939
0.962861 0.234497 -0.003759	-0.236654 0.971469 -0.015572	0.000000 0.015884 0.990884
0 1162760003 0 0 -1 1 1 100.000000 100.000000 100.000000
Geometry Element
GEOM_ELEMENT 5
196.342850 -12.558535 886.202576
0.969640 0.210185 -0.031598	-0.214118 0.965953 -0.145216	0.000000 0.147573 0.981631
0 1162760003 0 0 -1 1 1 100.000000 100.000000 100.000000
Geometry Element
GEOM_ELEMENT 5
164.576492 -9.699631 929.527283
0.991238 0.111862 -0.026828	-0.115277 0.965943 -0.231659	0.000000 0.232722 0.970374
0 1162760003 0 0 -1 1 1 100.000000 100.000000 100.000000
Geometry Element
GEOM_ELEMENT 5
69.786087 -9.692352 932.982666
0.992987 -0.099685 0.025813	0.103147 0.962908 -0.249338	0.000000 0.250252 0.966437
0 1162760003 0 0 -1 1 1 100.000000 100.000000 100.000000
Geometry Element
GEOM_ELEMENT 5
11.874325 -2.130714 929.653381
0.985542 -0.144318 0.030384	0.147997 0.967772 -0.203751	0.000000 0.205302 0.975138
0 1162760003 0 0 -1 1 1 100.000000 100.000000 100.000000
Geometry Element
GEOM_ELEMENT 5
-327.641327 11.064487 917.378601
0.999643 -0.023289 0.000203	0.023291 0.999691 -0.008722	0.000000 0.008724 0.999876
0 1162760003 0 0 -1 1 1 100.000000 100.000000 100.000000
Geometry Element
GEOM_ELEMENT 5
-330.788940 11.050051 907.316223
0.999093 -0.022970 0.035100	0.023290 0.999691 -0.008719	-0.034889 0.009529 0.999319
0 1162760003 0 0 -1 1 1 100.000000 100.000000 100.000000
Geometry Element
TRIGGER_ELEMENT 5
219.474777 11.752895 212.998856
-0.997564 0.000000 -0.069756	0.000000 1.000000 0.000000	0.069756 0.000000 -0.997564
2 0 1.000000 3.000000 0.250000 0.000000 200.000000 0 -1 -1 0 -1 19 0 0 0 0
219.579407 11.752895 211.502502	219.370148 11.752895 214.495209
0 0.000000 0.000000 0.000000	2 -0.069764 0.000000 0.997564

GEOM_ELEMENT 5
198.951035 14.015017 275.396881
0.999957 0.000007 0.000000	-0.000007 0.999946 -0.007989	0.000000 0.007989 0.999946
1 827806273 0 0 -1 0 1 40.000000 40.000000 40.000000
a0
GEOM_ELEMENT 5
225.019211 18.551178 333.897034
0.999999 0.001246 -0.000161	-0.001257 0.991799 -0.127799	0.000000 0.127799 0.991800
1 827806273 0 0 -1 0 1 40.000000 40.000000 40.000000
a1
GEOM_ELEMENT 5
200.287598 16.665668 413.600708
0.999999 -0.000985 -0.000070	0.000988 0.997483 0.070904	0.000000 -0.070904 0.997483
1 827806273 0 0 -1 0 1 40.000000 40.000000 40.000000
a2
GEOM_ELEMENT 5
221.426865 12.382989 492.104401
1.000000 0.000486 0.000010	-0.000486 0.999778 0.021064	0.000000 -0.021064 0.999778
1 827806273 0 0 -1 0 1 40.000000 40.000000 40.000000
a3
GEOM_ELEMENT 5
205.295624 11.348475 553.159241
1.000000 -0.000090 -0.000002	0.000090 0.999778 0.021061	0.000000 -0.021061 0.999778
1 827806273 0 0 -1 0 1 40.000000 40.000000 40.000000
a4
GEOM_ELEMENT 5
221.831360 8.329321 623.518005
1.000000 -0.000090 -0.000002	0.000090 0.999778 0.021061	0.000000 -0.021061 0.999778
1 827806273 0 0 -1 0 1 30.000000 30.000000 30.000000
a5
GEOM_ELEMENT 5
206.202957 7.721484 678.665894
1.000000 0.000007 0.000000	-0.000007 0.999494 0.031795	0.000000 -0.031795 0.999494
1 827806273 0 0 -1 0 1 40.000000 40.000000 40.000000
a6
GEOM_ELEMENT 5
223.827881 7.054035 722.990967
1.000000 -0.000051 -0.000003	0.000052 0.998790 0.049184	0.000000 -0.049184 0.998790
1 827806273 0 0 -1 0 1 40.000000 40.000000 40.000000
a7
GEOM_ELEMENT 5
213.235489 -0.794545 795.341431
0.999139 0.035718 0.005589	-0.036160 0.987330 0.154504	0.000000 -0.154573 0.987772
1 827806273 0 0 -1 0 1 40.000000 40.000000 40.000000
a8a
GEOM_ELEMENT 5
229.970215 -4.872595 851.111511
0.971658 0.088281 0.219289	-0.102786 0.993147 0.055620	-0.212877 -0.076583 0.974073
1 827806273 0 0 -1 0 1 40.000000 40.000000 40.000000
a8
GEOM_ELEMENT 5
192.359482 -10.424805 886.157349
0.911275 0.047196 0.409085	-0.006132 0.994856 -0.101116	-0.411753 0.089636 0.906876
1 827806273 0 0 -1 0 1 43.000000 43.000000 43.000000
a9
GEOM_ELEMENT 5
162.866898 -6.295261 932.294983
0.568071 0.135992 0.811666	0.176172 0.943296 -0.281346	-0.803902 0.302817 0.511901
1 827806273 0 0 -1 0 1 40.000000 40.000000 40.000000
a10
GEOM_ELEMENT 5
67.285515 -6.290494 929.196594
-0.054480 0.066410 0.996304	0.387472 0.921004 -0.040203	-0.920270 0.383850 -0.075909
1 827806273 0 0 -1 0 1 40.000000 40.000000 40.000000
a11
GEOM_ELEMENT 5
8.045601 1.065773 930.958984
-0.424843 0.028645 0.904814	0.120951 0.992334 0.025376	-0.897151 0.120219 -0.425050
1 827806273 0 0 -1 0 1 40.000000 40.000000 40.000000
a12
GEOM_ELEMENT 5
-333.953949 14.612373 913.502319
0.499864 -0.004089 0.866094	0.023289 0.999691 -0.008721	-0.865790 0.024530 0.499805
1 827806273 0 0 -1 0 1 53.000000 53.000000 53.000000
af
TRIGGER_ELEMENT 5
195.339630 11.185470 272.189728
0.052336 0.000000 -0.998630	0.000000 1.000000 0.000000	0.998630 0.000000 0.052336
0 1 1.000000 13.000000 0.250000 0.000000 200.000000 1 -1 -1 1 -1 20 0 1 0 0
201.830719 11.185470 272.529907	188.848541 11.185470 271.849548
0 0.000000 0.000000 0.000000	0 0.000000 0.000000 0.000000

TRIGGER_ELEMENT 5
227.001953 14.688202 329.717957
0.052336 0.000000 0.998630	0.000000 1.000000 0.000000	-0.998630 0.000000 0.052336
0 1 1.000000 10.400000 0.250000 0.000000 200.000000 2 -1 -1 2 -1 21 0 1 0 0
221.809082 14.688202 329.990112	232.194824 14.688202 329.445801
0 0.000000 0.000000 0.000000	0 0.000000 0.000000 0.000000

TRIGGER_ELEMENT 5
198.923706 14.028079 410.721100
0.017453 0.000000 -0.999848	0.000000 1.000000 0.000000	0.999848 0.000000 0.017453
0 1 1.000000 6.900000 0.250000 0.000000 200.000000 3 -1 -1 3 -1 22 0 1 0 0
202.373184 14.028079 410.781311	195.474228 14.028079 410.660889
0 0.000000 0.000000 0.000000	0 0.000000 0.000000 0.000000

TRIGGER_ELEMENT 5
222.681946 9.017092 489.129730
-0.017452 0.000000 0.999848	0.000000 1.000000 0.000000	-0.999848 0.000000 -0.017452
0 1 1.000000 7.200000 0.250000 0.000000 200.000000 4 -1 -1 4 -1 23 0 1 0 0
219.082489 9.017092 489.066895	226.281403 9.017092 489.192566
0 0.000000 0.000000 0.000000	0 0.000000 0.000000 0.000000

TRIGGER_ELEMENT 5
205.026047 7.727723 550.335754
0.052336 0.000000 -0.998630	0.000000 1.000000 0.000000	0.998630 0.000000 0.052336
0 1 1.000000 6.599999 0.250000 0.000000 200.000000 5 -1 -1 5 -1 24 0 1 0 0
208.321518 7.727723 550.508484	201.730576 7.727723 550.163025
0 0.000000 0.000000 0.000000	0 0.000000 0.000000 0.000000

TRIGGER_ELEMENT 5
223.563141 6.272920 619.316284
0.052336 0.000000 0.998630	0.000000 1.000000 0.000000	-0.998630 0.000000 0.052336
0 1 1.000000 8.200000 0.250000 0.000000 200.000000 6 -1 -1 6 -1 25 0 1 0 0
219.468765 6.272920 619.530884	227.657516 6.272920 619.101685
0 0.000000 0.000000 0.000000	0 0.000000 0.000000 0.000000

TRIGGER_ELEMENT 5
204.636093 5.036811 675.962891
0.052336 0.000000 0.998630	0.000000 1.000000 0.000000	-0.998630 0.000000 0.052336
0 1 1.000000 8.999999 0.250000 0.000000 200.000000 7 -1 -1 7 -1 26 0 1 0 0
200.142258 5.036811 676.198425	209.129929 5.036811 675.727356
0 0.000000 0.000000 0.000000	0 0.000000 0.000000 0.000000
Waypoint Tigger
TRIGGER_ELEMENT 5
227.518051 3.454704 720.296509
0.000000 0.000000 1.000000	0.000000 1.000000 0.000000	-1.000000 0.000000 0.000000
0 1 1.000000 11.400000 0.250000 0.000000 200.000000 8 -1 -1 8 -1 27 0 1 0 0
221.818054 3.454704 720.296509	233.218048 3.454704 720.296509
0 0.000000 0.000000 0.000000	0 0.000000 0.000000 0.000000
Waypoint Tigger
TRIGGER_ELEMENT 5
211.754257 -3.272866 793.444275
0.224951 0.000000 0.974370	0.000000 1.000000 0.000000	-0.974370 0.000000 0.224951
0 1 1.000000 6.200000 0.250000 0.000000 200.000000 9 -1 -1 9 -1 28 0 1 0 0
208.733704 -3.272866 794.141602	214.774811 -3.272866 792.746948
0 0.000000 0.000000 0.000000	0 0.000000 0.000000 0.000000
Waypoint Tigger
TRIGGER_ELEMENT 5
233.491882 -6.337746 849.607788
0.342020 0.000000 -0.939693	0.000000 1.000000 0.000000	0.939693 0.000000 0.342020
0 1 1.000000 11.000000 0.250000 0.000000 200.000000 10 -1 -1 10 -1 29 0 1 0 0
238.660187 -6.337746 851.488892	228.323578 -6.337746 847.726685
0 0.000000 0.000000 0.000000	0 0.000000 0.000000 0.000000
Waypoint Tigger
TRIGGER_ELEMENT 5
193.645355 -13.504508 883.887512
0.656059 0.000000 -0.754709	0.000000 1.000000 0.000000	0.754709 0.000000 0.656059
0 1 1.000000 7.500000 0.250000 0.000000 200.000000 11 -1 -1 11 -1 30 0 1 0 0
196.475510 -13.504508 886.347717	190.815201 -13.504508 881.427307
0 0.000000 0.000000 0.000000	0 0.000000 0.000000 0.000000
Waypoint Tigger
TRIGGER_ELEMENT 5
167.951935 -8.521316 932.670288
0.939693 0.000000 -0.342020	0.000000 1.000000 0.000000	0.342020 0.000000 0.939693
0 1 1.000000 8.600000 0.250000 0.000000 200.000000 12 -1 -1 12 -1 31 0 1 0 0
169.422623 -8.521316 936.710938	166.481247 -8.521316 928.629639
0 0.000000 0.000000 0.000000	0 0.000000 0.000000 0.000000
Waypoint Tigger
TRIGGER_ELEMENT 5
68.834953 -11.264169 926.445007
1.000000 0.000000 0.000000	0.000000 1.000000 0.000000	0.000000 0.000000 1.000000
0 1 1.000000 13.500000 0.250000 0.000000 200.000000 13 -1 -1 13 -1 32 0 1 0 0
68.834953 -11.264169 933.195007	68.834953 -11.264169 919.695007
0 0.000000 0.000000 0.000000	0 0.000000 0.000000 0.000000
Waypoint Tigger
TRIGGER_ELEMENT 5
10.726479 -1.059549 934.034424
0.933581 0.000000 0.358368	0.000000 1.000000 0.000000	-0.358368 0.000000 0.933581
0 1 1.000000 8.900000 0.250000 0.000000 200.000000 14 -1 -1 14 -1 53 0 1 0 0
9.131741 -1.059549 938.188843	12.321217 -1.059549 929.880005
0 0.000000 0.000000 0.000000	0 0.000000 0.000000 0.000000
Waypoint Tigger
TRIGGER_ELEMENT 5
-329.180817 11.058336 912.561523
0.945519 0.000000 -0.325567	0.000000 1.000000 0.000000	0.325567 0.000000 0.945519
1 1 1.000000 9.800000 0.250000 0.000000 200.000000 19 -1 -1 19 -1 -1 0 1 0 0
-327.585541 11.058336 917.194580	-330.776093 11.058336 907.928467
0 0.000000 0.000000 0.000000	0 0.000000 0.000000 0.000000
End
TRIGGER_ELEMENT 5
-43.162533 1.043095 885.267395
0.788011 0.000000 0.615661	0.000000 1.000000 0.000000	-0.615661 0.000000 0.788011
0 1 1.000000 10.400000 0.250000 0.000000 200.000000 15 -1 -1 15 -1 54 0 1 0 0
-46.363972 1.043095 889.365051	-39.961094 1.043095 881.169739
0 0.000000 0.000000 0.000000	0 0.000000 0.000000 0.000000
Waypoint Tigger
TRIGGER_ELEMENT 5
-108.147751 3.296369 854.957092
0.819152 0.000000 0.573576	0.000000 1.000000 0.000000	-0.573576 0.000000 0.819152
0 1 1.000000 10.800000 0.250000 0.000000 200.000000 16 -1 -1 16 -1 55 0 1 0 0
-111.245064 3.296369 859.380493	-105.050438 3.296369 850.533691
0 0.000000 0.000000 0.000000	0 0.000000 0.000000 0.000000
Waypoint Tigger
TRIGGER_ELEMENT 5
-184.891434 7.114512 814.066711
0.987688 0.000000 -0.156434	0.000000 1.000000 0.000000	0.156434 0.000000 0.987688
0 1 1.000000 11.600000 0.250000 0.000000 200.000000 17 -1 -1 17 -1 56 0 1 0 0
-183.984116 7.114512 819.795288	-185.798752 7.114512 808.338135
0 0.000000 0.000000 0.000000	0 0.000000 0.000000 0.000000
Waypoint Tigger
TRIGGER_ELEMENT 5
-252.061188 6.368049 885.047791
0.866025 0.000000 -0.500000	0.000000 1.000000 0.000000	0.500000 0.000000 0.866025
0 1 1.000000 9.100000 0.250000 0.000000 200.000000 18 -1 -1 18 -1 33 0 1 0 0
-249.786194 6.368049 888.988220	-254.336182 6.368049 881.107361
0 0.000000 0.000000 0.000000	0 0.000000 0.000000 0.000000
Waypoint Tigger
GEOM_ELEMENT 5
-46.992325 5.214798 882.361267
0.640816 -0.034088 -0.766937	0.078264 0.996709 0.021093	0.763695 -0.073540 0.641375
1 827806273 0 0 -1 0 1 40.000000 40.000000 40.000000
a13
GEOM_ELEMENT 5
-113.459633 6.549891 848.807556
0.573418 0.043008 -0.818133	-0.023538 0.999074 0.036023	0.818925 -0.001399 0.573899
1 827806273 0 0 -1 0 1 40.000000 40.000000 40.000000
a14
GEOM_ELEMENT 5
-189.189423 10.398452 816.966370
0.052319 0.117644 -0.991677	0.025500 0.992555 0.119094	0.998305 -0.031519 0.048930
1 827806273 0 0 -1 0 1 40.000000 40.000000 40.000000
a15
GEOM_ELEMENT 5
-257.456390 11.322296 886.651306
-0.639875 0.049041 -0.766913	0.095084 0.995346 -0.015685	0.762574 -0.082957 -0.641560
1 827806273 0 0 -1 0 1 40.000000 40.000000 40.000000
a16
GEOM_ELEMENT 5
-46.283028 1.261319 889.261841
0.997436 -0.062363 0.000450	0.062403 0.998025 -0.007199	0.000000 0.007209 0.999357
0 1162760003 0 0 -1 1 1 100.000000 100.000000 100.000000
Geometry Element
GEOM_ELEMENT 5
-105.618683 3.436862 850.403748
0.999992 -0.003570 -0.000130	0.003573 0.999329 0.036465	0.000000 -0.036465 0.999333
0 1162760003 0 0 -1 1 1 100.000000 100.000000 100.000000
Geometry Element
GEOM_ELEMENT 5
-184.676041 6.404181 819.932983
0.999563 -0.025570 -0.003067	0.025756 0.992556 0.119038	0.000000 -0.119065 0.992781
0 1162760003 0 0 -1 1 1 100.000000 100.000000 100.000000
Geometry Element
GEOM_ELEMENT 5
-254.334244 6.594190 881.368469
0.993187 -0.101506 0.000206	0.101673 0.994816 -0.002019	0.000000 0.002026 0.998358
0 1162760003 0 0 -1 1 1 100.000000 100.000000 100.000000
Geometry Element
GEOM_ELEMENT 5
-57.030640 0.000000 20.514576
-0.121869 0.000000 0.992546	0.000000 1.000000 0.000000	-0.992546 0.000000 -0.121869
0 1464094277 0 0 -1 1 1 116.500000 116.500000 116.500000
Geometry Element
GEOM_ELEMENT 5
-57.654900 0.000000 34.130650
-0.034899 0.000000 0.999391	0.000000 1.000000 0.000000	-0.999391 0.000000 -0.034899
0 1464094277 0 0 -1 1 1 112.000000 112.000000 112.000000
Geometry Element
GEOM_ELEMENT 5
-718.265686 9.809684 1254.188965
0.965817 0.002974 -0.259208	-0.015019 0.998896 -0.044501	0.258790 0.046873 0.964795
0 1464094277 0 0 -1 1 1 100.000000 100.000000 100.000000
Geometry Element
GEOM_ELEMENT 5
-706.709839 9.874294 1251.548950
0.965730 0.004662 -0.259508	-0.020146 0.998168 -0.057040	0.258766 0.060313 0.964055
0 1464094277 0 0 -1 1 1 100.000000 100.000000 100.000000
Geometry Element
GEOM_ELEMENT 5
-699.006836 9.716730 1245.999146
0.950909 0.000599 -0.309469	-0.017595 0.998485 -0.052133	0.308969 0.055019 0.949479
0 1464094277 0 0 -1 1 1 100.000000 100.000000 100.000000
Geometry Element
GEOM_ELEMENT 5
-687.843201 9.897466 1245.530029
0.939495 -0.001548 -0.342557	-0.020472 0.997949 -0.060657	0.341948 0.063999 0.937536
0 1464094277 0 0 -1 1 1 100.000000 100.000000 100.000000
Geometry Element
