TRIGGER_ELEMENT 5
745.992676 -28.060516 1464.555054
0.173648 0.000000 0.984808	0.000000 1.000000 0.000000	-0.984808 0.000000 0.173648
2 0 1.000000 3.000000 0.250000 0.000000 200.000000 0 -1 -1 0 -1 12 0 0 0 0
744.515442 -28.060516 1464.815552	747.469910 -28.060516 1464.294556
0 0.000000 0.000000 0.000000	2 0.984798 0.000000 -0.173705

GEOM_ELEMENT 5
784.683594 -28.932501 1454.011963
0.999404 -0.030095 0.000097	0.030100 0.999542 -0.003215	0.000000 0.003216 0.999851
0 1162760003 0 0 -1 1 1 100.000000 100.000000 100.000000
Geometry Element
GEOM_ELEMENT 5
820.681335 -30.424686 1463.009155
0.998729 -0.043921 0.000189	0.043934 0.999025 -0.004302	0.000000 0.004305 0.999685
0 1162760003 0 0 -1 1 1 100.000000 100.000000 100.000000
Geometry Element
GEOM_ELEMENT 5
870.501099 -33.050674 1446.500000
0.997909 -0.056317 0.000267	0.056346 0.998400 -0.004741	0.000000 0.004747 0.999486
0 1162760003 0 0 -1 1 1 100.000000 100.000000 100.000000
Geometry Element
GEOM_ELEMENT 5
920.055481 -36.263210 1453.892456
0.993305 -0.100612 -0.001436	0.100785 0.994807 0.014196	0.000000 -0.014246 0.998287
0 1162760003 0 0 -1 1 1 100.000000 100.000000 100.000000
Geometry Element
GEOM_ELEMENT 5
969.677795 -40.027908 1442.138550
0.996682 -0.070484 -0.007822	0.070974 0.991392 0.110023	0.000000 -0.110214 0.993105
0 1162760003 0 0 -1 1 1 100.000000 100.000000 100.000000
Geometry Element
GEOM_ELEMENT 5
1016.723083 -46.178307 1464.777954
0.997435 -0.061762 -0.008673	0.062407 0.988352 0.138797	0.000000 -0.138983 0.989672
0 1162760003 0 0 -1 1 1 100.000000 100.000000 100.000000
Geometry Element
GEOM_ELEMENT 5
1074.747192 -52.385429 1491.632324
0.999992 -0.003385 -0.000532	0.003427 0.987850 0.155371	0.000000 -0.155372 0.987854
0 1162760003 0 0 -1 1 1 100.000000 100.000000 100.000000
Geometry Element
GEOM_ELEMENT 5
1104.430542 -59.922775 1560.093384
0.998823 -0.042147 -0.003120	0.042274 0.996380 0.073759	0.000000 -0.073804 0.996989
0 1162760003 0 0 -1 1 1 100.000000 100.000000 100.000000
Geometry Element
GEOM_ELEMENT 5
1146.392090 -63.614578 1611.519531
0.999928 -0.010433 -0.000213	0.010435 0.999737 0.020405	0.000000 -0.020406 0.999775
0 1162760003 0 0 -1 1 1 100.000000 100.000000 100.000000
Geometry Element
GEOM_ELEMENT 5
1179.168701 -65.800247 1710.175903
0.993565 0.098602 0.003404	-0.098814 0.994514 0.034329	0.000000 -0.034445 0.997857
0 1162760003 0 0 -1 1 1 100.000000 100.000000 100.000000
Geometry Element
GEOM_ELEMENT 5
1170.842041 -66.669197 1711.252441
0.993783 0.096882 0.004409	-0.097128 0.994243 0.045248	0.000000 -0.045395 0.997472
0 1162760003 0 0 -1 1 1 100.000000 100.000000 100.000000
Geometry Element
GEOM_ELEMENT 5
788.943359 -25.846714 1449.507202
-0.036525 -0.024110 -0.999042	-0.033537 0.999175 -0.022887	0.998770 0.032669 -0.037303
1 827806273 0 0 -1 0 1 40.000000 40.000000 40.000000
a0
GEOM_ELEMENT 5
824.026184 -27.022045 1464.798218
0.207711 -0.004923 0.978178	0.043935 0.999025 -0.004302	-0.977203 0.043870 0.207725
1 827806273 0 0 -1 0 1 40.000000 40.000000 40.000000
a1
GEOM_ELEMENT 5
875.182556 -29.827429 1444.433228
0.121676 -0.002153 0.992567	0.056345 0.998400 -0.004742	-0.990969 0.056504 0.121602
1 827806273 0 0 -1 0 1 40.000000 40.000000 40.000000
a2
GEOM_ELEMENT 5
923.253906 -32.970253 1455.745850
-0.086565 0.037534 -0.995539	0.116235 0.992846 0.027326	0.989442 -0.113351 -0.090308
1 827806273 0 0 -1 0 1 40.000000 40.000000 40.000000
a3
GEOM_ELEMENT 5
972.391235 -36.694298 1440.766846
-0.086937 -0.106135 0.990544	0.070744 0.991141 0.112408	-0.993699 0.079848 -0.078659
1 827806273 0 0 -1 0 1 40.000000 40.000000 40.000000
a4
GEOM_ELEMENT 5
1017.528320 -42.915924 1467.859741
-0.258270 -0.123803 0.958107	0.065080 0.987272 0.145114	-0.963878 0.099832 -0.246926
1 827806273 0 0 -1 0 1 40.000000 40.000000 40.000000
a5
GEOM_ELEMENT 5
1077.235352 -47.993912 1492.252808
0.642779 0.120315 -0.756544	-0.005049 0.988233 0.152870	0.766035 -0.094442 0.635824
1 827806273 0 0 -1 0 1 40.000000 40.000000 40.000000
a6
GEOM_ELEMENT 5
1103.453003 -56.624466 1562.912109
0.847290 0.003369 -0.531120	0.042274 0.996380 0.073759	0.529445 -0.084948 0.844080
1 827806273 0 0 -1 0 1 40.000000 40.000000 40.000000
a7
GEOM_ELEMENT 5
1148.645996 -59.465782 1612.510010
0.913640 -0.003415 -0.406509	0.024518 0.998607 0.046715	0.405783 -0.052648 0.912452
1 827806273 0 0 -1 0 1 40.000000 40.000000 40.000000
a8
GEOM_ELEMENT 5
1176.090332 -64.141747 1716.042358
0.991895 0.110626 0.002756	-0.110877 0.993526 0.024748	0.000000 -0.024853 0.997740
1 827806273 0 0 -1 0 1 78.000000 78.000000 78.000000
af
TRIGGER_ELEMENT 5
784.423279 -28.937719 1449.951904
1.000000 0.000000 0.000000	0.000000 1.000000 0.000000	0.000000 0.000000 1.000000
0 1 1.000000 7.600000 0.250000 0.000000 200.000000 1 -1 -1 1 -1 13 0 1 0 0
784.423279 -28.937719 1453.751953	784.423279 -28.937719 1446.151855
0 0.000000 0.000000 0.000000	0 0.000000 0.000000 0.000000

TRIGGER_ELEMENT 5
821.051941 -30.427692 1466.095459
0.996195 0.000000 -0.087156	0.000000 1.000000 0.000000	0.087156 0.000000 0.996195
0 1 1.000000 6.200001 0.250000 0.000000 200.000000 2 -1 -1 2 -1 14 0 1 0 0
821.322144 -30.427692 1469.183716	820.781738 -30.427692 1463.007202
0 0.000000 0.000000 0.000000	0 0.000000 0.000000 0.000000

TRIGGER_ELEMENT 5
869.906494 -33.037868 1442.131226
0.992546 0.000000 -0.121869	0.000000 1.000000 0.000000	0.121869 0.000000 0.992546
0 1 1.000000 8.599999 0.250000 0.000000 200.000000 3 -1 -1 3 -1 15 0 1 0 0
870.430542 -33.037868 1446.399170	869.382446 -33.037868 1437.863281
0 0.000000 0.000000 0.000000	0 0.000000 0.000000 0.000000

TRIGGER_ELEMENT 5
919.976501 -36.308434 1457.621948
1.000000 0.000000 0.000000	0.000000 1.000000 0.000000	0.000000 0.000000 1.000000
0 1 1.000000 7.400000 0.250000 0.000000 200.000000 4 -1 -1 4 -1 16 0 1 0 0
919.976501 -36.308434 1461.321899	919.976501 -36.308434 1453.921997
0 0.000000 0.000000 0.000000	0 0.000000 0.000000 0.000000

TRIGGER_ELEMENT 5
970.320251 -39.605995 1437.990601
0.996195 0.000000 0.087156	0.000000 1.000000 0.000000	-0.087156 0.000000 0.996195
0 1 1.000000 7.500000 0.250000 0.000000 200.000000 5 -1 -1 5 -1 17 0 1 0 0
969.993408 -39.605995 1441.726318	970.647095 -39.605995 1434.254883
0 0.000000 0.000000 0.000000	0 0.000000 0.000000 0.000000

TRIGGER_ELEMENT 5
1014.721558 -46.613724 1468.778442
0.939693 0.000000 0.342020	0.000000 1.000000 0.000000	-0.342020 0.000000 0.939693
0 1 1.000000 8.200000 0.250000 0.000000 200.000000 6 -1 -1 6 -1 18 0 1 0 0
1013.319275 -46.613724 1472.631226	1016.123840 -46.613724 1464.925659
0 0.000000 0.000000 0.000000	0 0.000000 0.000000 0.000000

TRIGGER_ELEMENT 5
1076.926514 -51.990425 1489.168091
0.707107 0.000000 0.707107	0.000000 1.000000 0.000000	-0.707107 0.000000 0.707107
0 1 1.000000 6.400000 0.250000 0.000000 200.000000 7 -1 -1 7 -1 19 0 1 0 0
1074.663818 -51.990425 1491.430786	1079.189209 -51.990425 1486.905396
0 0.000000 0.000000 0.000000	0 0.000000 0.000000 0.000000

TRIGGER_ELEMENT 5
1101.749634 -59.922798 1561.630249
0.544639 0.000000 0.838671	0.000000 1.000000 0.000000	-0.838671 0.000000 0.544639
0 1 1.000000 5.800000 0.250000 0.000000 200.000000 8 -1 -1 8 -1 20 0 1 0 0
1099.317505 -59.922798 1563.209717	1104.181763 -59.922798 1560.050781
0 0.000000 0.000000 0.000000	0 0.000000 0.000000 0.000000

TRIGGER_ELEMENT 5
1149.240112 -63.610638 1609.912964
0.422618 0.000000 0.906308	0.000000 1.000000 0.000000	-0.906308 0.000000 0.422618
0 1 1.000000 6.700000 0.250000 0.000000 200.000000 9 -1 -1 9 -1 21 0 1 0 0
1146.203979 -63.610638 1611.328735	1152.276245 -63.610638 1608.497192
0 0.000000 0.000000 0.000000	0 0.000000 0.000000 0.000000

TRIGGER_ELEMENT 5
1175.054077 -66.227081 1710.579224
0.087156 0.000000 0.996195	0.000000 1.000000 0.000000	-0.996195 0.000000 0.087156
1 1 1.000000 9.000000 0.250000 0.000000 200.000000 10 -1 -1 10 -1 -1 0 1 0 0
1170.571167 -66.227081 1710.971436	1179.536987 -66.227081 1710.187012
0 0.000000 0.000000 0.000000	0 0.000000 0.000000 0.000000

GEOM_ELEMENT 5
1070.910645 -56.512253 1854.650269
0.638025 0.011362 0.769932	0.121510 0.985878 -0.115241	-0.760368 0.167081 0.627634
0 1464094277 0 0 -1 1 1 113.500000 113.500000 113.500000
Geometry Element
GEOM_ELEMENT 5
1079.446289 -56.383530 1864.747314
0.702674 -0.002965 0.711505	0.111791 0.988031 -0.106286	-0.702674 0.154224 0.694596
0 1464094277 0 0 -1 1 1 109.500000 109.500000 109.500000
Geometry Element
GEOM_ELEMENT 5
-412.477020 19.564352 1579.379150
-0.121869 0.000000 -0.992546	0.000848 0.999999 -0.000104	0.992546 -0.000854 -0.121869
0 1464094277 0 0 -1 1 1 100.000000 100.000000 100.000000
Geometry Element
GEOM_ELEMENT 5
-410.088623 19.559738 1569.926270
0.000000 -0.000185 -1.000000	0.001513 0.999999 -0.000185	0.999999 -0.001513 0.000000
0 1464094277 0 0 -1 1 1 100.000000 100.000000 100.000000
Geometry Element
GEOM_ELEMENT 5
-697.050110 13.087193 1303.053955
-0.977819 -0.013799 0.208996	-0.025916 0.998131 -0.055349	-0.207842 -0.059537 -0.976349
0 1464094277 0 0 -1 1 1 143.500000 143.500000 143.500000
Geometry Element
GEOM_ELEMENT 5
-681.689697 13.224263 1298.358276
-0.955979 -0.008205 0.293321	-0.026112 0.998022 -0.057186	-0.292272 -0.062328 -0.954302
0 1464094277 0 0 -1 1 1 136.000000 136.000000 136.000000
Geometry Element
GEOM_ELEMENT 5
-669.085815 13.316975 1294.094360
-0.950729 -0.007597 0.309931	-0.026254 0.998082 -0.056069	-0.308910 -0.061443 -0.949104
0 1464094277 0 0 -1 1 1 118.000000 118.000000 118.000000
Geometry Element
