CAMERA_ELEMENT 4
-527.349731 5.775620 383.387573
1.000000 0.000000 0.000000	0.000000 1.000000 0.000000	0.000000 0.000000 1.000000
0 0.000000 1
1 1 12 0 1 3.000000 1 37.500000 0.600000
0.000000 0.000000 0.000000
c1
CAMERA_ELEMENT 4
-402.924652 4.890744 356.666962
1.000000 0.000000 0.000000	0.000000 1.000000 0.000000	0.000000 0.000000 1.000000
0 0.000000 1
1 1 12 1 0 3.000000 0 37.500000 0.600000
0.000000 0.000000 0.000000
c2
TRIGGER_ELEMENT 5
-479.552612 -1.004910 380.434723
0.984808 0.000000 -0.173648	0.000000 1.000000 0.000000	0.173648 0.000000 0.984808
6 1 1.000000 20.799999 0.250000 0.000000 200.000000 -1 -1 -1 -1 1 -1 0 0 0 0
-477.746674 -1.004910 390.676727	-481.358551 -1.004910 370.192719
1 0.984808 0.000000 -0.173646	0 0.000000 0.000000 0.000000
Replay Camera Trigger
CAMERA_ELEMENT 4
-287.606232 6.806772 275.017029
1.000000 0.000000 0.000000	0.000000 1.000000 0.000000	0.000000 0.000000 1.000000
0 0.000000 1
1 1 12 1 0 3.000000 0 37.500000 0.600000
0.000000 0.000000 0.000000
c3
TRIGGER_ELEMENT 5
-337.256744 0.000000 282.744812
0.898794 0.000000 -0.438371	0.000000 1.000000 0.000000	0.438371 0.000000 0.898794
6 1 1.000000 24.799999 0.250000 0.000000 200.000000 -1 -1 -1 -1 3 -1 0 0 0 0
-331.820953 0.000000 293.889862	-342.692535 0.000000 271.599762
1 0.898790 0.000000 -0.438379	0 0.000000 0.000000 0.000000
Replay Camera Trigger
CAMERA_ELEMENT 4
-202.188187 6.488110 32.306953
1.000000 0.000000 0.000000	0.000000 1.000000 0.000000	0.000000 0.000000 1.000000
0 0.000000 1
1 1 12 1 0 3.000000 0 37.500000 0.600000
0.000000 0.000000 0.000000
c4
TRIGGER_ELEMENT 5
-233.097244 -0.956285 216.222275
-0.453990 0.000000 0.891007	0.000000 1.000000 0.000000	-0.891007 0.000000 -0.453990
6 1 1.000000 31.900002 0.250000 0.000000 200.000000 -1 -1 -1 -1 5 -1 0 0 0 0
-247.308807 -0.956285 208.981125	-218.885681 -0.956285 223.463425
2 0.453994 0.000000 -0.891005	0 0.000000 0.000000 0.000000
Replay Camera Trigger
CAMERA_ELEMENT 4
121.497253 3.085660 27.451717
-0.009485 0.018946 0.999776	0.009622 0.999776 -0.018854	-0.999909 0.009441 -0.009665
0 0.000000 0
1 1 12 0 0 3.000000 1 30.000000 0.600000
0.000000 0.000000 0.000000
c5
TRIGGER_ELEMENT 5
-91.108780 0.000000 26.012211
1.000000 0.000000 0.000000	0.000000 1.000000 0.000000	0.000000 0.000000 1.000000
6 1 1.000000 32.099998 0.250000 0.000000 200.000000 -1 -1 -1 -1 7 -1 0 0 0 0
-91.108780 0.000000 42.062210	-91.108780 0.000000 9.962212
1 1.000000 0.000000 0.000000	0 0.000000 0.000000 0.000000
Replay Camera Trigger
CAMERA_ELEMENT 4
124.943871 4.102111 15.264347
1.000000 0.000000 0.000000	0.000000 1.000000 0.000000	0.000000 0.000000 1.000000
0 0.000000 1
1 1 11 0 0 3.000000 0 37.500000 1.000000
0.000000 0.000000 0.000000
c6a
TRIGGER_ELEMENT 5
122.545151 0.000000 20.093643
1.000000 0.000000 0.000000	0.000000 1.000000 0.000000	0.000000 0.000000 1.000000
6 1 1.000000 14.200000 0.250000 0.000000 200.000000 -1 -1 -1 -1 9 -1 0 0 0 0
122.545151 0.000000 27.193644	122.545151 0.000000 12.993643
1 1.000000 0.000000 0.000000	0 0.000000 0.000000 0.000000
Replay Camera Trigger
CAMERA_ELEMENT 4
205.823792 15.788292 58.475739
-0.211974 -0.099324 0.972215	-0.112663 0.990673 0.076645	-0.970759 -0.093286 -0.221187
0 0.000000 1
1 1 12 0 0 3.000000 1 37.500000 0.600000
0.000000 0.000000 0.000000
c6b
TRIGGER_ELEMENT 5
122.625717 0.018862 33.807274
1.000000 0.000000 0.000000	0.000000 1.000000 0.000000	0.000000 0.000000 1.000000
6 1 1.000000 12.400000 0.250000 0.000000 200.000000 -1 -1 -1 -1 11 -1 0 0 0 0
122.625717 0.018862 40.007275	122.625717 0.018862 27.607273
1 1.000000 0.000000 0.000000	0 0.000000 0.000000 0.000000
Replay Camera Trigger
CAMERA_ELEMENT 4
225.385452 21.554695 343.435394
1.000000 0.000000 0.000000	0.000000 1.000000 0.000000	0.000000 0.000000 1.000000
0 0.000000 1
1 1 12 1 0 3.000000 0 37.500000 0.600000
0.000000 0.000000 0.000000
c7
TRIGGER_ELEMENT 5
212.248047 11.939237 194.891708
-0.017452 0.000000 0.999848	0.000000 1.000000 0.000000	-0.999848 0.000000 -0.017452
6 1 1.000000 38.200001 0.250000 0.000000 200.000000 -1 -1 -1 -1 13 -1 0 0 0 0
193.150955 11.939237 194.558365	231.345139 11.939237 195.225052
1 -0.017456 0.000000 0.999848	0 0.000000 0.000000 0.000000
Replay Camera Trigger
TRIGGER_ELEMENT 5
239.413940 11.914001 197.444946
-0.052336 0.000000 0.998630	0.000000 1.000000 0.000000	-0.998630 0.000000 -0.052336
6 1 1.000000 19.199999 0.250000 0.000000 200.000000 -1 -1 -1 -1 13 -1 0 0 0 0
229.827103 11.914001 196.942520	249.000778 11.914001 197.947372
1 -0.052338 0.000000 0.998629	0 0.000000 0.000000 0.000000
Replay Camera Trigger
CAMERA_ELEMENT 4
203.678177 8.020291 733.310120
1.000000 0.000000 0.000000	0.000000 1.000000 0.000000	0.000000 0.000000 1.000000
0 0.000000 1
1 1 12 1 0 3.000000 0 37.500000 0.600000
0.000000 0.000000 0.000000
c8
TRIGGER_ELEMENT 5
214.532883 8.119944 531.676453
0.034900 0.000000 0.999391	0.000000 1.000000 0.000000	-0.999391 0.000000 0.034900
6 1 1.000000 25.000000 0.250000 0.000000 200.000000 -1 -1 -1 -1 16 -1 0 0 0 0
202.040497 8.119944 532.112732	227.025269 8.119944 531.240173
1 0.034897 0.000000 0.999391	0 0.000000 0.000000 0.000000
Replay Camera Trigger
CAMERA_ELEMENT 4
194.825424 -1.188171 912.818542
1.000000 0.000000 0.000000	0.000000 1.000000 0.000000	0.000000 0.000000 1.000000
0 0.000000 1
1 1 12 1 0 3.000000 0 37.500000 0.600000
0.000000 0.000000 0.000000
c9
TRIGGER_ELEMENT 5
217.373032 -9.712671 866.876038
-0.453990 0.000000 0.891007	0.000000 1.000000 0.000000	-0.891007 0.000000 -0.453990
6 1 1.000000 31.700001 0.250000 0.000000 200.000000 -1 -1 -1 -1 18 -1 0 0 0 0
203.250580 -9.712671 859.680298	231.495483 -9.712671 874.071777
1 -0.454000 0.000000 0.891002	0 0.000000 0.000000 0.000000
Replay Camera Trigger
CAMERA_ELEMENT 4
69.195045 -0.000952 951.232910
1.000000 0.000000 0.000000	0.000000 1.000000 0.000000	0.000000 0.000000 1.000000
0 0.000000 1
1 1 11 0 0 3.000000 0 37.500000 0.900000
0.000000 0.000000 0.000000
c10
TRIGGER_ELEMENT 5
103.672607 -10.370250 939.182556
-0.999391 0.000000 0.034899	0.000000 1.000000 0.000000	-0.034899 0.000000 -0.999391
6 1 1.000000 29.000000 0.250000 0.000000 200.000000 -1 -1 -1 -1 20 -1 0 0 0 0
103.166573 -10.370250 924.691406	104.178642 -10.370250 953.673706
1 -0.999390 0.000000 0.034912	0 0.000000 0.000000 0.000000
Replay Camera Trigger
CAMERA_ELEMENT 4
-207.088196 11.455502 823.719788
0.251745 0.092726 -0.963341	-0.045358 0.995436 0.083962	0.966730 0.022558 0.254802
0 0.000000 1
1 1 12 1 0 3.000000 0 37.500000 0.600000
0.000000 0.000000 0.000000
c11
TRIGGER_ELEMENT 5
-118.208382 4.135354 838.189514
-0.838670 0.000000 -0.544639	0.000000 1.000000 0.000000	0.544639 0.000000 -0.838670
6 1 1.000000 28.499998 0.250000 0.000000 200.000000 -1 -1 -1 -1 22 -1 0 0 0 0
-110.447273 4.135354 826.238464	-125.969490 4.135354 850.140564
1 -0.838680 0.000000 -0.544624	0 0.000000 0.000000 0.000000
Replay Camera Trigger
CAMERA_ELEMENT 4
-522.062317 18.997515 988.856323
-0.712549 -0.006311 -0.701594	-0.006461 0.999976 -0.002433	0.701593 0.002799 -0.712573
0 0.000000 1
1 1 12 1 0 2.500000 0 37.500000 0.600000
0.000000 0.000000 0.000000
c12
TRIGGER_ELEMENT 5
-304.761993 10.136000 901.654541
-0.898794 0.000000 0.438371	0.000000 1.000000 0.000000	-0.438371 0.000000 -0.898794
6 1 1.000000 30.000000 0.250000 0.000000 200.000000 -1 -1 -1 -1 140 -1 0 0 0 0
-311.337555 10.136000 888.172607	-298.186432 10.136000 915.136475
1 -0.898802 0.000000 0.438354	0 0.000000 0.000000 0.000000
Replay Camera Trigger
CAMERA_ELEMENT 4
-665.877563 14.563224 1035.537964
1.000000 0.000000 0.000000	0.000000 1.000000 0.000000	0.000000 0.000000 1.000000
0 0.000000 1
1 1 12 0 0 3.000000 1 37.500000 0.600000
0.000000 0.000000 0.000000
c13
TRIGGER_ELEMENT 5
-527.246643 9.398766 990.733887
-0.920505 0.000000 0.390731	0.000000 1.000000 0.000000	-0.390731 0.000000 -0.920505
6 1 1.000000 43.900002 0.250000 0.000000 200.000000 -1 -1 -1 -1 26 -1 0 0 0 0
-535.823181 9.398766 970.528809	-518.670105 9.398766 1010.938965
1 -0.920503 0.000000 0.390735	0 0.000000 0.000000 0.000000
Replay Camera Trigger
CAMERA_ELEMENT 4
-730.257690 13.375547 1228.035278
1.000000 0.000000 0.000000	0.000000 1.000000 0.000000	0.000000 0.000000 1.000000
0 0.000000 1
1 1 12 1 0 4.000000 0 37.500000 0.600000
0.000000 0.000000 0.000000
c14
TRIGGER_ELEMENT 5
-696.527527 7.003342 1096.338013
-0.438371 0.000000 0.898794	0.000000 1.000000 0.000000	-0.898794 0.000000 -0.438371
6 1 1.000000 46.600002 0.250000 0.000000 200.000000 -1 -1 -1 -1 28 -1 0 0 0 0
-717.469421 7.003342 1086.124023	-675.585632 7.003342 1106.552002
1 -0.438354 0.000000 0.898802	0 0.000000 0.000000 0.000000
Replay Camera Trigger
CAMERA_ELEMENT 4
-593.671570 27.694817 1474.441040
-0.880475 -0.061184 0.470128	-0.151878 0.975777 -0.157454	-0.449107 -0.210037 -0.868440
0 0.000000 1
1 1 12 1 0 3.000000 0 37.500000 0.600000
0.000000 0.000000 0.000000
c15
TRIGGER_ELEMENT 5
-671.851624 14.689510 1322.204346
0.469472 0.000000 0.882948	0.000000 1.000000 0.000000	-0.882948 0.000000 0.469472
6 1 1.000000 51.200001 0.250000 0.000000 200.000000 -1 -1 -1 -1 30 -1 0 0 0 0
-694.455078 14.689510 1334.222778	-649.248169 14.689510 1310.185913
1 0.469485 0.000000 0.882940	0 0.000000 0.000000 0.000000
Replay Camera Trigger
CAMERA_ELEMENT 4
-613.928223 23.693954 1450.539307
1.000000 0.000000 0.000000	0.000000 1.000000 0.000000	0.000000 0.000000 1.000000
0 0.000000 1
1 1 10 0 0 3.000000 0 37.500000 0.600000
0.000000 0.000000 0.000000
c16
TRIGGER_ELEMENT 5
-600.997559 18.232306 1458.111694
0.469472 0.000000 0.882948	0.000000 1.000000 0.000000	-0.882948 0.000000 0.469472
6 1 1.000000 24.700001 0.250000 0.000000 200.000000 -1 -1 -1 -1 32 -1 0 0 0 0
-611.901978 18.232306 1463.909668	-590.093140 18.232306 1452.313721
1 0.469485 0.000000 0.882940	0 0.000000 0.000000 0.000000
Replay Camera Trigger
CAMERA_ELEMENT 4
-124.665955 5.059064 1740.922729
0.245321 0.041245 0.968564	0.118018 0.990393 -0.072067	-0.962231 0.131988 0.238097
0 0.000000 0
1 1 12 0 0 3.000000 1 55.000000 0.600000
0.000000 0.000000 0.000000
c17
TRIGGER_ELEMENT 5
-322.310516 9.408285 1771.250000
1.000000 0.000000 0.000000	0.000000 1.000000 0.000000	0.000000 0.000000 1.000000
6 1 1.000000 28.800001 0.250000 0.000000 200.000000 -1 -1 -1 -1 34 -1 0 0 0 0
-322.310516 9.408285 1785.650024	-322.310516 9.408285 1756.849976
1 1.000000 0.000000 0.000000	0 0.000000 0.000000 0.000000
Replay Camera Trigger
CAMERA_ELEMENT 4
6.370927 -11.004602 1687.533813
1.000000 0.000000 0.000000	0.000000 1.000000 0.000000	0.000000 0.000000 1.000000
0 0.000000 1
1 1 12 1 0 4.000000 0 37.500000 0.600000
0.000000 0.000000 0.000000
c18
TRIGGER_ELEMENT 5
-113.652885 0.552617 1728.227661
0.965926 0.000000 -0.258819	0.000000 1.000000 0.000000	0.258819 0.000000 0.965926
6 1 1.000000 30.700001 0.250000 0.000000 200.000000 -1 -1 -1 -1 36 -1 0 0 0 0
-109.680016 0.552617 1743.054565	-117.625755 0.552617 1713.400757
1 0.965933 0.000000 -0.258791	0 0.000000 0.000000 0.000000
Replay Camera Trigger
CAMERA_ELEMENT 4
133.157593 -24.255396 1382.353394
1.000000 0.000000 0.000000	0.000000 1.000000 0.000000	0.000000 0.000000 1.000000
0 0.000000 1
1 1 12 0 0 3.000000 1 25.000000 0.600000
0.000000 0.000000 0.000000
c19
TRIGGER_ELEMENT 5
73.299416 -22.211815 1508.375488
0.309017 0.000000 -0.951056	0.000000 1.000000 0.000000	0.951056 0.000000 0.309017
6 1 1.000000 33.299999 0.250000 0.000000 200.000000 -1 -1 -1 -1 38 -1 0 0 0 0
89.134506 -22.211815 1513.520630	57.464325 -22.211815 1503.230347
1 0.309016 0.000000 -0.951057	0 0.000000 0.000000 0.000000
Replay Camera Trigger
CAMERA_ELEMENT 4
300.676880 -21.566301 1364.648193
1.000000 0.000000 0.000000	0.000000 1.000000 0.000000	0.000000 0.000000 1.000000
1 3.000000 1
1 1 12 0 0 3.000000 1 37.500000 0.600000
0.000000 0.000000 0.000000
c20
TRIGGER_ELEMENT 5
168.591980 -30.955494 1366.984009
0.866026 0.000000 -0.500000	0.000000 1.000000 0.000000	0.500000 0.000000 0.866026
6 1 1.000000 32.800003 0.250000 0.000000 200.000000 -1 -1 -1 -1 40 -1 0 0 0 0
176.791977 -30.955494 1381.186768	160.391983 -30.955494 1352.781250
1 0.866026 0.000000 -0.499999	0 0.000000 0.000000 0.000000
Replay Camera Trigger
CAMERA_ELEMENT 4
609.947205 -24.437325 1486.608765
1.000000 0.000000 0.000000	0.000000 1.000000 0.000000	0.000000 0.000000 1.000000
0 0.000000 1
1 1 12 1 0 5.000000 0 37.500000 0.600000
0.000000 0.000000 0.000000
c21
TRIGGER_ELEMENT 5
453.077362 -29.772467 1468.692505
0.961262 0.000000 0.275637	0.000000 1.000000 0.000000	-0.275637 0.000000 0.961262
6 1 1.000000 30.200001 0.250000 0.000000 200.000000 -1 -1 -1 -1 42 -1 0 0 0 0
448.915253 -29.772467 1483.207520	457.239471 -29.772467 1454.177490
1 0.961263 0.000000 0.275632	0 0.000000 0.000000 0.000000
Replay Camera Trigger
CAMERA_ELEMENT 4
1008.979065 -33.388748 1445.668335
1.000000 0.000000 0.000000	0.000000 1.000000 0.000000	0.000000 0.000000 1.000000
0 0.000000 1
1 1 12 1 0 4.500000 0 37.500000 0.600000
0.000000 0.000000 0.000000
c22
TRIGGER_ELEMENT 5
797.542175 -29.423805 1459.107910
0.992546 0.000000 -0.121869	0.000000 1.000000 0.000000	0.121869 0.000000 0.992546
6 1 1.000000 35.099998 0.250000 0.000000 200.000000 -1 -1 -1 -1 44 -1 0 0 0 0
799.680969 -29.423805 1476.527100	795.403381 -29.423805 1441.688721
1 0.992551 0.000000 -0.121826	0 0.000000 0.000000 0.000000
Replay Camera Trigger
CAMERA_ELEMENT 4
1157.423462 -58.595108 1591.510254
1.000000 0.000000 0.000000	0.000000 1.000000 0.000000	0.000000 0.000000 1.000000
0 0.000000 1
1 1 11 0 0 3.000000 1 37.500000 1.000000
0.000000 0.000000 1.000000
c23
TRIGGER_ELEMENT 5
1133.728149 -63.101360 1599.975952
0.453991 0.000000 0.891006	0.000000 1.000000 0.000000	-0.891006 0.000000 0.453991
6 1 1.000000 28.799999 0.250000 0.000000 200.000000 -1 -1 -1 -1 46 -1 0 0 0 0
1120.897705 -63.101360 1606.513428	1146.558594 -63.101360 1593.438477
1 0.453988 0.000000 0.891008	0 0.000000 0.000000 0.000000
Replay Camera Trigger
CAMERA_ELEMENT 4
1142.957642 -58.324192 1817.877686
1.000000 0.000000 0.000000	0.000000 1.000000 0.000000	0.000000 0.000000 1.000000
0 0.000000 1
1 1 12 0 0 3.000000 1 15.000000 0.600000
0.000000 0.000000 0.000000
c24
TRIGGER_ELEMENT 5
1175.787720 -66.675789 1739.390259
0.052336 0.000000 0.998629	0.000000 1.000000 0.000000	-0.998629 0.000000 0.052336
6 1 1.000000 30.400002 0.250000 0.000000 200.000000 -1 -1 -1 -1 48 -1 0 0 0 0
1160.608521 -66.675789 1740.185791	1190.966919 -66.675789 1738.594727
1 0.052367 0.000000 0.998628	0 0.000000 0.000000 0.000000
Replay Camera Trigger
CAMERA_ELEMENT 4
988.428345 -20.678915 2106.765869
1.000000 0.000000 0.000000	0.000000 1.000000 0.000000	0.000000 0.000000 1.000000
0 0.000000 1
1 1 12 1 0 4.000000 0 37.500000 0.600000
0.000000 0.000000 0.000000
c25
TRIGGER_ELEMENT 5
1021.651917 -41.452106 1924.148438
-0.642787 0.000000 0.766045	0.000000 1.000000 0.000000	-0.766045 0.000000 -0.642787
6 1 1.000000 27.800003 0.250000 0.000000 200.000000 -1 -1 -1 -1 50 -1 0 0 0 0
1011.003906 -41.452106 1915.213745	1032.299927 -41.452106 1933.083130
1 -0.642798 0.000000 0.766035	0 0.000000 0.000000 0.000000
Replay Camera Trigger
CAMERA_ELEMENT 4
1034.883911 -18.046858 2359.797607
-0.960639 0.029320 0.276248	-0.005195 0.992344 -0.123393	-0.277751 -0.119971 -0.953132
0 0.000000 0
1 1 12 0 0 3.000000 1 20.000000 0.600000
0.000000 0.000000 0.000000
c26
TRIGGER_ELEMENT 5
1015.740356 -22.166018 2216.223145
-0.121869 0.000000 -0.992546	0.000000 1.000000 0.000000	0.992546 0.000000 -0.121869
6 1 1.000000 12.300000 0.250000 0.000000 200.000000 -1 -1 -1 -1 52 -1 0 0 0 0
1021.844543 -22.166018 2215.473633	1009.636169 -22.166018 2216.972656
2 0.121901 0.000000 0.992542	0 0.000000 0.000000 0.000000
Replay Camera Trigger
CAMERA_ELEMENT 4
1043.578491 -18.232386 2511.675049
1.000000 0.000000 0.000000	0.000000 1.000000 0.000000	0.000000 0.000000 1.000000
0 0.000000 1
1 1 12 1 0 4.000000 0 37.500000 0.600000
0.000000 0.000000 0.000000
c27
TRIGGER_ELEMENT 5
1030.981201 -20.606651 2367.113770
0.052336 0.000000 0.998630	0.000000 1.000000 0.000000	-0.998630 0.000000 0.052336
6 1 1.000000 14.000000 0.250000 0.000000 200.000000 -1 -1 -1 -1 54 -1 0 0 0 0
1023.990784 -20.606651 2367.480225	1037.971558 -20.606651 2366.747314
1 0.052373 0.000000 0.998628	0 0.000000 0.000000 0.000000
Replay Camera Trigger
CAMERA_ELEMENT 4
1300.879761 -27.557890 2732.467773
1.000000 0.000000 0.000000	0.000000 1.000000 0.000000	0.000000 0.000000 1.000000
0 0.000000 1
1 1 12 1 0 4.000000 0 37.500000 0.600000
0.000000 0.000000 0.000000
c28
TRIGGER_ELEMENT 5
1119.766724 -22.694302 2605.710938
0.766044 0.000000 0.642788	0.000000 1.000000 0.000000	-0.642788 0.000000 0.766044
6 1 1.000000 14.700000 0.250000 0.000000 200.000000 -1 -1 -1 -1 56 -1 0 0 0 0
1115.042236 -22.694302 2611.341309	1124.491211 -22.694302 2600.080566
1 0.766005 0.000000 0.642834	0 0.000000 0.000000 0.000000
Replay Camera Trigger
CAMERA_ELEMENT 4
1512.270752 -27.692484 2916.293701
1.000000 0.000000 0.000000	0.000000 1.000000 0.000000	0.000000 0.000000 1.000000
0 0.000000 1
1 1 12 1 0 3.000000 0 37.500000 0.600000
0.000000 0.000000 0.000000
c29
TRIGGER_ELEMENT 5
1322.761475 -31.200464 2754.486816
0.819152 0.000000 0.573576	0.000000 1.000000 0.000000	-0.573576 0.000000 0.819152
6 1 1.000000 14.400000 0.250000 0.000000 200.000000 -1 -1 -1 -1 58 -1 0 0 0 0
1318.631714 -31.200464 2760.384766	1326.891235 -31.200464 2748.588867
1 0.819175 0.000000 0.573544	0 0.000000 0.000000 0.000000
Replay Camera Trigger
CAMERA_ELEMENT 4
1399.221558 1.447229 3334.767334
-0.796095 0.252198 -0.550117	0.271018 0.961350 0.048525	0.541093 -0.110462 -0.833676
1 3.000000 1
1 1 12 1 0 5.000000 0 37.500000 0.600000
0.000000 0.000000 0.000000
c30
TRIGGER_ELEMENT 5
1520.786255 -16.010977 3071.525391
-0.173648 0.000000 0.984808	0.000000 1.000000 0.000000	-0.984808 0.000000 -0.173648
6 1 1.000000 46.700001 0.250000 0.000000 200.000000 -1 -1 -1 -1 60 -1 0 0 0 0
1497.791016 -16.010977 3067.470703	1543.781494 -16.010977 3075.580078
1 -0.173695 0.000000 0.984800	0 0.000000 0.000000 0.000000
Replay Camera Trigger
CAMERA_ELEMENT 4
1523.380493 -30.470371 3493.108887
1.000000 0.000000 0.000000	0.000000 1.000000 0.000000	0.000000 0.000000 1.000000
0 0.000000 1
1 1 12 0 0 3.000000 1 25.000000 0.600000
0.000000 0.000000 0.000000
c31
TRIGGER_ELEMENT 5
1426.015503 -20.554169 3422.435547
0.390731 0.000000 0.920505	0.000000 1.000000 0.000000	-0.920505 0.000000 0.390731
6 1 1.000000 35.000000 0.250000 0.000000 200.000000 -1 -1 -1 -1 62 -1 0 0 0 0
1409.906616 -20.554169 3429.273438	1442.124390 -20.554169 3415.597656
1 0.390779 0.000000 0.920485	0 0.000000 0.000000 0.000000
Replay Camera Trigger
CAMERA_ELEMENT 4
1582.032349 -36.783512 3721.132080
1.000000 0.000000 0.000000	0.000000 1.000000 0.000000	0.000000 0.000000 1.000000
0 0.000000 1
1 1 12 1 0 5.000000 0 37.500000 0.600000
0.000000 0.000000 0.000000
c32
TRIGGER_ELEMENT 5
1547.841309 -39.054005 3584.133545
-0.241922 0.000000 -0.970296	0.000000 1.000000 0.000000	0.970296 0.000000 -0.241922
6 1 1.000000 29.200001 0.250000 0.000000 200.000000 -1 -1 -1 -1 64 -1 0 0 0 0
1562.007568 -39.054005 3580.601563	1533.675049 -39.054005 3587.665527
2 0.241961 0.000000 0.970286	0 0.000000 0.000000 0.000000
Replay Camera Trigger
CAMERA_ELEMENT 4
1689.756592 -35.164150 3952.053467
1.000000 0.000000 0.000000	0.000000 1.000000 0.000000	0.000000 0.000000 1.000000
1 2.000000 1
1 1 12 0 0 3.000000 1 20.000000 0.600000
0.000000 0.000000 0.000000
c33
TRIGGER_ELEMENT 5
1609.248779 -40.950825 3767.424561
0.309017 0.000000 0.951056	0.000000 1.000000 0.000000	-0.951056 0.000000 0.309017
6 1 1.000000 46.700001 0.250000 0.000000 200.000000 -1 -1 -1 -1 66 -1 0 0 0 0
1587.041626 -40.950825 3774.640137	1631.455933 -40.950825 3760.208984
1 0.308931 0.000000 0.951084	0 0.000000 0.000000 0.000000
Replay Camera Trigger
CAMERA_ELEMENT 4
1889.822510 -33.530010 4040.677979
1.000000 0.000000 0.000000	0.000000 1.000000 0.000000	0.000000 0.000000 1.000000
0 0.000000 1
1 1 8 0 0 3.000000 0 37.500000 0.600000
0.000000 0.000000 0.000000
c34
TRIGGER_ELEMENT 5
1892.589600 -39.107121 4024.478271
0.992546 0.000000 0.121869	0.000000 1.000000 0.000000	-0.121869 0.000000 0.992546
6 1 1.000000 38.600002 0.250000 0.000000 200.000000 -1 -1 -1 -1 68 -1 0 0 0 0
1890.237549 -39.107121 4043.634521	1894.941650 -39.107121 4005.322021
1 0.992551 0.000000 0.121826	0 0.000000 0.000000 0.000000
Replay Camera Trigger
CAMERA_ELEMENT 4
2339.766113 -33.341030 4027.974121
1.000000 0.000000 0.000000	0.000000 1.000000 0.000000	0.000000 0.000000 1.000000
0 0.000000 1
1 1 12 0 0 3.000000 1 37.500000 0.600000
0.000000 0.000000 0.000000
c35
TRIGGER_ELEMENT 5
2197.029297 -37.372612 4028.158203
1.000000 0.000000 0.000000	0.000000 1.000000 0.000000	0.000000 0.000000 1.000000
6 1 1.000000 69.500008 0.250000 0.000000 200.000000 -1 -1 -1 -1 70 -1 0 0 0 0
2197.029297 -37.372612 4062.908203	2197.029297 -37.372612 3993.408203
1 1.000000 0.000000 0.000000	0 0.000000 0.000000 0.000000
Replay Camera Trigger
CAMERA_ELEMENT 4
2488.281494 -35.465984 3769.986328
0.887268 -0.002500 0.461247	0.035716 0.997355 -0.063299	-0.459869 0.072637 0.885010
0 0.000000 0
1 1 12 0 0 3.000000 1 30.000000 0.600000
0.000000 0.000000 0.000000
c36
TRIGGER_ELEMENT 5
2445.347412 -37.344757 3866.517822
-0.390731 0.000000 0.920505	0.000000 1.000000 0.000000	-0.920505 0.000000 -0.390731
6 1 1.000000 23.600000 0.250000 0.000000 200.000000 -1 -1 -1 -1 72 -1 0 0 0 0
2434.485352 -37.344757 3861.907227	2456.209473 -37.344757 3871.128418
2 0.390675 0.000000 -0.920529	0 0.000000 0.000000 0.000000
Replay Camera Trigger
CAMERA_ELEMENT 4
2618.722412 -34.319450 3720.438232
1.000000 0.000000 0.000000	0.000000 1.000000 0.000000	0.000000 0.000000 1.000000
0 0.000000 1
1 1 12 1 0 5.000000 0 1.000000 0.600000
0.000000 0.000000 0.000000
c37
TRIGGER_ELEMENT 5
2512.104736 -37.311497 3756.234131
0.743145 0.000000 -0.669131	0.000000 1.000000 0.000000	0.669131 0.000000 0.743145
6 1 1.000000 23.000000 0.250000 0.000000 200.000000 -1 -1 -1 -1 74 -1 0 0 0 0
2519.799805 -37.311497 3764.780273	2504.409668 -37.311497 3747.687988
1 0.743124 0.000000 -0.669154	0 0.000000 0.000000 0.000000
Replay Camera Trigger
CAMERA_ELEMENT 4
2751.115723 -33.655247 3746.591064
1.000000 0.000000 0.000000	0.000000 1.000000 0.000000	0.000000 0.000000 1.000000
0 0.000000 1
1 1 12 1 0 3.000000 0 37.500000 0.600000
0.000000 0.000000 0.000000
c38a
CAMERA_ELEMENT 4
2747.621826 -33.555080 3757.491943
1.000000 0.000000 0.000000	0.000000 1.000000 0.000000	0.000000 0.000000 1.000000
0 0.000000 1
1 1 12 1 0 3.000000 0 37.500000 0.600000
0.000000 0.000000 0.000000
c38b
TRIGGER_ELEMENT 5
2680.614502 -37.344769 3732.875244
0.992546 0.000000 0.121869	0.000000 1.000000 0.000000	-0.121869 0.000000 0.992546
6 1 1.000000 17.200001 0.250000 0.000000 200.000000 -1 -1 -1 -1 76 -1 0 0 0 0
2679.566406 -37.344769 3741.411133	2681.662598 -37.344769 3724.339355
1 0.992550 0.000000 0.121841	0 0.000000 0.000000 0.000000
Replay Camera Trigger
TRIGGER_ELEMENT 5
2679.380859 -37.344765 3746.928711
0.992546 0.000000 0.121869	0.000000 1.000000 0.000000	-0.121869 0.000000 0.992546
6 1 1.000000 13.500000 0.250000 0.000000 200.000000 -1 -1 -1 -1 77 -1 0 0 0 0
2678.558350 -37.344765 3753.628418	2680.203369 -37.344765 3740.229004
1 0.992550 0.000000 0.121841	0 0.000000 0.000000 0.000000
Replay Camera Trigger
CAMERA_ELEMENT 4
2812.141113 -34.384903 3712.931885
1.000000 0.000000 0.000000	0.000000 1.000000 0.000000	0.000000 0.000000 1.000000
0 0.000000 1
1 1 12 0 0 3.000000 1 37.500000 0.600000
0.000000 0.000000 0.000000
c39a
CAMERA_ELEMENT 4
2812.696533 -34.139076 3815.762207
1.000000 0.000000 0.000000	0.000000 1.000000 0.000000	0.000000 0.000000 1.000000
0 0.000000 1
1 1 12 0 0 3.000000 1 37.500000 0.600000
0.000000 0.000000 0.000000
c39b
TRIGGER_ELEMENT 5
2745.214355 -37.343758 3763.034424
0.766044 0.000000 0.642788	0.000000 1.000000 0.000000	-0.642788 0.000000 0.766044
6 1 1.000000 16.000002 0.250000 0.000000 200.000000 -1 -1 -1 -1 81 -1 0 0 0 0
2740.072021 -37.343758 3769.162842	2750.356689 -37.343758 3756.906006
1 0.766056 0.000000 0.642774	0 0.000000 0.000000 0.000000
Replay Camera Trigger
TRIGGER_ELEMENT 5
2750.444580 -37.343906 3739.784180
0.927184 0.000000 -0.374606	0.000000 1.000000 0.000000	0.374606 0.000000 0.927184
6 1 1.000000 19.000000 0.250000 0.000000 200.000000 -1 -1 -1 -1 80 -1 0 0 0 0
2754.003418 -37.343906 3748.592529	2746.885742 -37.343906 3730.975830
1 0.927226 0.000000 -0.374503	0 0.000000 0.000000 0.000000
Replay Camera Trigger
CAMERA_ELEMENT 4
2963.524414 -33.657364 3779.998291
1.000000 0.000000 0.000000	0.000000 1.000000 0.000000	0.000000 0.000000 1.000000
0 0.000000 1
1 1 12 1 0 4.000000 0 37.500000 0.600000
0.000000 0.000000 0.000000
c40a
TRIGGER_ELEMENT 5
2930.128906 -37.183655 3737.659668
0.939693 0.000000 0.342020	0.000000 1.000000 0.000000	-0.342020 0.000000 0.939693
6 1 1.000000 16.700001 0.250000 0.000000 200.000000 -1 -1 -1 -1 84 -1 0 0 0 0
2927.272949 -37.183655 3745.506104	2932.984863 -37.183655 3729.813232
1 0.939687 0.000000 0.342037	0 0.000000 0.000000 0.000000
Replay Camera Trigger
CAMERA_ELEMENT 4
2961.557129 -33.122009 3789.378662
1.000000 0.000000 0.000000	0.000000 1.000000 0.000000	0.000000 0.000000 1.000000
0 0.000000 1
1 1 12 1 0 4.000000 0 37.500000 0.600000
0.000000 0.000000 0.000000
c40b
TRIGGER_ELEMENT 5
2920.601074 -37.183659 3818.862549
0.996195 0.000000 -0.087156	0.000000 1.000000 0.000000	0.087156 0.000000 0.996195
6 1 1.000000 19.500000 0.250000 0.000000 200.000000 -1 -1 -1 -1 86 -1 0 0 0 0
2921.450928 -37.183659 3828.575439	2919.751221 -37.183659 3809.149658
1 0.996194 0.000000 -0.087167	0 0.000000 0.000000 0.000000
Replay Camera Trigger
CAMERA_ELEMENT 4
3142.086914 -36.483932 3807.703857
-0.120627 0.024027 0.992407	0.064097 0.997809 -0.016367	-0.990626 0.061636 -0.121902
0 0.000000 1
1 1 12 0 0 3.000000 1 20.000000 0.600000
0.000000 0.000000 0.000000
c41
TRIGGER_ELEMENT 5
2974.223877 -36.882504 3786.778320
0.992546 0.000000 0.121869	0.000000 1.000000 0.000000	-0.121869 0.000000 0.992546
6 1 1.000000 32.400002 0.250000 0.000000 200.000000 -1 -1 -1 -1 88 -1 0 0 0 0
2972.249512 -36.882504 3802.857666	2976.198242 -36.882504 3770.698975
1 0.992550 0.000000 0.121841	0 0.000000 0.000000 0.000000
Replay Camera Trigger
CAMERA_ELEMENT 4
3255.325928 -33.831139 3984.216064
-0.920321 0.006198 0.391116	-0.015524 0.998508 -0.052352	-0.390857 -0.054252 -0.918851
0 0.000000 0
1 1 12 0 0 3.000000 1 45.000000 0.600000
0.000000 0.000000 0.000000
c42
TRIGGER_ELEMENT 5
3218.392090 -37.281563 3876.420166
0.390731 0.000000 0.920505	0.000000 1.000000 0.000000	-0.920505 0.000000 0.390731
6 1 1.000000 26.200001 0.250000 0.000000 200.000000 -1 -1 -1 -1 90 -1 0 0 0 0
3206.333496 -37.281563 3881.538818	3230.450684 -37.281563 3871.301514
1 0.390675 0.000000 0.920529	0 0.000000 0.000000 0.000000
Replay Camera Trigger
CAMERA_ELEMENT 4
3304.205078 -32.754646 4203.881348
1.000000 0.000000 0.000000	0.000000 1.000000 0.000000	0.000000 0.000000 1.000000
0 0.000000 1
1 1 12 1 2 3.000000 0 37.500000 0.600000
0.000000 0.000000 0.000000
c43
TRIGGER_ELEMENT 5
3252.322510 -37.281563 4010.480469
0.139173 0.000000 0.990268	0.000000 1.000000 0.000000	-0.990268 0.000000 0.139173
6 1 1.000000 37.600002 0.250000 0.000000 200.000000 -1 -1 -1 -1 92 -1 0 0 0 0
3233.705566 -37.281563 4013.096924	3270.939453 -37.281563 4007.864014
1 0.139165 0.000000 0.990269	0 0.000000 0.000000 0.000000
Replay Camera Trigger
CAMERA_ELEMENT 4
3243.259033 -33.211170 4023.479492
1.000000 0.000000 0.000000	0.000000 1.000000 0.000000	0.000000 0.000000 1.000000
0 0.000000 1
1 1 12 1 0 5.000000 0 37.500000 0.600000
0.000000 0.000000 0.000000
c60
TRIGGER_ELEMENT 5
3274.567139 -37.281563 4132.752930
-0.207912 0.000000 -0.978148	0.000000 1.000000 0.000000	0.978148 0.000000 -0.207912
6 1 1.000000 30.900000 0.250000 0.000000 200.000000 -1 -1 -1 -1 94 -1 0 0 0 0
3289.679443 -37.281563 4129.540527	3259.454834 -37.281563 4135.965332
1 -0.208028 0.000000 -0.978123	0 0.000000 0.000000 0.000000
Replay Camera Trigger
TRIGGER_ELEMENT 5
3220.466797 -37.281563 3881.282959
-0.390731 0.000000 -0.920505	0.000000 1.000000 0.000000	0.920505 0.000000 -0.390731
6 1 1.000000 22.600002 0.250000 0.000000 200.000000 -1 -1 -1 -1 88 -1 0 0 0 0
3230.868408 -37.281563 3876.867676	3210.065186 -37.281563 3885.698242
1 -0.390675 0.000000 -0.920529	0 0.000000 0.000000 0.000000
Replay Camera Trigger
TRIGGER_ELEMENT 5
3029.416992 -37.281574 3802.872314
-0.981627 0.000000 -0.190809	0.000000 1.000000 0.000000	0.190809 0.000000 -0.981627
6 1 1.000000 14.099999 0.250000 0.000000 200.000000 -1 -1 -1 -1 86 -1 0 0 0 0
3030.762207 -37.281574 3795.951904	3028.071777 -37.281574 3809.792725
1 -0.981609 0.000000 -0.190902	0 0.000000 0.000000 0.000000
Replay Camera Trigger
TRIGGER_ELEMENT 5
3032.349854 -37.281578 3788.208496
0.981627 0.000000 0.190809	0.000000 1.000000 0.000000	-0.190809 0.000000 0.981627
6 1 1.000000 15.400000 0.250000 0.000000 200.000000 -1 -1 -1 -1 84 -1 0 0 0 0
3030.880615 -37.281578 3795.767090	3033.819092 -37.281578 3780.649902
2 -0.981609 0.000000 -0.190902	0 0.000000 0.000000 0.000000
Replay Camera Trigger
TRIGGER_ELEMENT 5
2919.281006 -37.183659 3818.731445
-0.998630 0.000000 0.052336	0.000000 1.000000 0.000000	-0.052336 0.000000 -0.998630
6 1 1.000000 19.200001 0.250000 0.000000 200.000000 -1 -1 -1 -1 81 -1 0 0 0 0
2918.778564 -37.183659 3809.144531	2919.783447 -37.183659 3828.318359
1 -0.998634 0.000000 0.052251	0 0.000000 0.000000 0.000000
Replay Camera Trigger
TRIGGER_ELEMENT 5
2928.969727 -37.183655 3736.650635
0.927184 0.000000 0.374607	0.000000 1.000000 0.000000	-0.374607 0.000000 0.927184
6 1 1.000000 17.200001 0.250000 0.000000 200.000000 -1 -1 -1 -1 80 -1 0 0 0 0
2925.748047 -37.183655 3744.624512	2932.191406 -37.183655 3728.676758
2 -0.927226 0.000000 -0.374503	0 0.000000 0.000000 0.000000
Replay Camera Trigger
TRIGGER_ELEMENT 5
2804.744629 -37.183655 3717.783691
-0.999391 0.000000 0.034900	0.000000 1.000000 0.000000	-0.034900 0.000000 -0.999391
6 1 1.000000 14.200000 0.250000 0.000000 200.000000 -1 -1 -1 -1 76 -1 0 0 0 0
2804.496826 -37.183655 3710.687988	2804.992432 -37.183655 3724.879395
1 -0.999391 0.000000 0.034908	0 0.000000 0.000000 0.000000
Replay Camera Trigger
TRIGGER_ELEMENT 5
2785.090088 -37.183655 3802.452393
0.866025 0.000000 0.500000	0.000000 1.000000 0.000000	-0.500000 0.000000 0.866025
6 1 1.000000 20.000000 0.250000 0.000000 200.000000 -1 -1 -1 -1 77 -1 0 0 0 0
2780.090088 -37.183655 3811.112549	2790.090088 -37.183655 3793.792236
2 -0.866011 0.000000 -0.500025	0 0.000000 0.000000 0.000000
Replay Camera Trigger
TRIGGER_ELEMENT 5
2676.374512 -36.945698 3739.557373
-0.992546 0.000000 -0.121870	0.000000 1.000000 0.000000	0.121870 0.000000 -0.992546
6 1 1.000000 29.699999 0.250000 0.000000 200.000000 -1 -1 -1 -1 74 -1 0 0 0 0
2678.184326 -36.945698 3724.818115	2674.564697 -36.945698 3754.296631
1 -0.992550 0.000000 -0.121841	0 0.000000 0.000000 0.000000
Replay Camera Trigger
TRIGGER_ELEMENT 5
2509.959473 -37.229637 3757.163330
0.766044 0.000000 -0.642788	0.000000 1.000000 0.000000	0.642788 0.000000 0.766044
6 1 1.000000 23.500000 0.250000 0.000000 200.000000 -1 -1 -1 -1 72 -1 0 0 0 0
2517.512207 -37.229637 3766.164307	2502.406738 -37.229637 3748.162354
2 -0.766056 0.000000 0.642774	0 0.000000 0.000000 0.000000
Replay Camera Trigger
TRIGGER_ELEMENT 5
2447.386475 -37.344757 3861.779541
-0.422618 0.000000 0.906308	0.000000 1.000000 0.000000	-0.906308 0.000000 -0.422618
6 1 1.000000 23.700001 0.250000 0.000000 200.000000 -1 -1 -1 -1 70 -1 0 0 0 0
2436.646729 -37.344757 3856.771484	2458.126221 -37.344757 3866.787598
1 -0.422632 0.000000 0.906302	0 0.000000 0.000000 0.000000
Replay Camera Trigger
CAMERA_ELEMENT 4
2196.176758 -33.485634 4060.033936
1.000000 0.000000 0.000000	0.000000 1.000000 0.000000	0.000000 0.000000 1.000000
0 0.000000 1
1 1 8 0 0 3.000000 0 37.500000 0.600000
0.000000 0.000000 0.000000
c61
TRIGGER_ELEMENT 5
2202.287598 -37.371906 4028.125488
-1.000000 0.000000 0.000000	0.000000 1.000000 0.000000	0.000000 0.000000 -1.000000
6 1 1.000000 69.599998 0.250000 0.000000 200.000000 -1 -1 -1 -1 106 -1 0 0 0 0
2202.287598 -37.371906 3993.325439	2202.287598 -37.371906 4062.925537
1 -1.000000 0.000000 0.000000	0 0.000000 0.000000 0.000000
Replay Camera Trigger
CAMERA_ELEMENT 4
1881.182861 -32.549526 4037.530762
1.000000 0.000000 0.000000	0.000000 1.000000 0.000000	0.000000 0.000000 1.000000
0 0.000000 1
1 1 12 1 0 4.000000 0 37.500000 0.600000
0.000000 0.000000 0.000000
c62
TRIGGER_ELEMENT 5
2060.353027 -37.318443 4028.515137
1.000000 0.000000 0.000000	0.000000 1.000000 0.000000	0.000000 0.000000 1.000000
6 1 1.000000 75.700005 0.250000 0.000000 200.000000 -1 -1 -1 -1 108 -1 0 0 0 0
2060.353027 -37.318443 4066.365234	2060.353027 -37.318443 3990.665039
2 -1.000000 0.000000 0.000000	0 0.000000 0.000000 0.000000
Replay Camera Trigger
TRIGGER_ELEMENT 5
1748.724243 -39.312988 3985.617676
-0.819152 0.000000 -0.573577	0.000000 1.000000 0.000000	0.573577 0.000000 -0.819152
6 1 1.000000 33.400002 0.250000 0.000000 200.000000 -1 -1 -1 -1 66 -1 0 0 0 0
1758.302979 -39.312988 3971.937744	1739.145508 -39.312988 3999.297607
1 -0.819175 0.000000 -0.573544	0 0.000000 0.000000 0.000000
Replay Camera Trigger
TRIGGER_ELEMENT 5
1643.974609 -42.645981 3860.989746
-0.358368 0.000000 -0.933580	0.000000 1.000000 0.000000	0.933580 0.000000 -0.358368
6 1 1.000000 40.900002 0.250000 0.000000 200.000000 -1 -1 -1 -1 64 -1 0 0 0 0
1663.066284 -42.645981 3853.661133	1624.882935 -42.645981 3868.318359
1 -0.358390 0.000000 -0.933572	0 0.000000 0.000000 0.000000
Replay Camera Trigger
TRIGGER_ELEMENT 5
1549.447388 -39.099361 3589.847168
0.309017 0.000000 0.951057	0.000000 1.000000 0.000000	-0.951057 0.000000 0.309017
6 1 1.000000 36.700001 0.250000 0.000000 200.000000 -1 -1 -1 -1 62 -1 0 0 0 0
1531.995483 -39.099361 3595.517578	1566.899292 -39.099361 3584.176758
2 -0.308931 0.000000 -0.951084	0 0.000000 0.000000 0.000000
Replay Camera Trigger
TRIGGER_ELEMENT 5
1437.252441 -22.350471 3440.279541
-0.669130 0.000000 -0.743145	0.000000 1.000000 0.000000	0.743145 0.000000 -0.669130
6 1 1.000000 38.200001 0.250000 0.000000 200.000000 -1 -1 -1 -1 60 -1 0 0 0 0
1451.446533 -22.350471 3427.499268	1423.058350 -22.350471 3453.059814
1 -0.669154 0.000000 -0.743124	0 0.000000 0.000000 0.000000
Replay Camera Trigger
CAMERA_ELEMENT 4
1468.685425 -9.331686 3233.751953
1.000000 0.000000 0.000000	0.000000 1.000000 0.000000	0.000000 0.000000 1.000000
0 0.000000 1
1 1 11 1 0 5.000000 0 37.500000 0.750000
0.000000 0.000000 0.000000
c63
TRIGGER_ELEMENT 5
1431.114380 -13.953595 3280.688477
0.325568 0.000000 -0.945519	0.000000 1.000000 0.000000	0.945519 0.000000 0.325568
6 1 1.000000 45.900002 0.250000 0.000000 200.000000 -1 -1 -1 -1 114 -1 0 0 0 0
1452.814087 -13.953595 3288.160156	1409.414673 -13.953595 3273.216797
1 0.325550 0.000000 -0.945525	0 0.000000 0.000000 0.000000
Replay Camera Trigger
TRIGGER_ELEMENT 5
1523.597656 -19.341103 3030.223389
-0.190809 0.000000 -0.981627	0.000000 1.000000 0.000000	0.981627 0.000000 -0.190809
6 1 1.000000 41.500004 0.250000 0.000000 200.000000 -1 -1 -1 -1 58 -1 0 0 0 0
1543.966431 -19.341103 3026.264160	1503.228882 -19.341103 3034.182617
1 -0.190785 0.000000 -0.981632	0 0.000000 0.000000 0.000000
Replay Camera Trigger
TRIGGER_ELEMENT 5
1405.701782 -32.928314 2826.058350
-0.766044 0.000000 -0.642788	0.000000 1.000000 0.000000	0.642788 0.000000 -0.766044
6 1 1.000000 24.400002 0.250000 0.000000 200.000000 -1 -1 -1 -1 56 -1 0 0 0 0
1413.543823 -32.928314 2816.712646	1397.859741 -32.928314 2835.404053
1 -0.766005 0.000000 -0.642834	0 0.000000 0.000000 0.000000
Replay Camera Trigger
CAMERA_ELEMENT 4
1176.732910 -23.561157 2645.447510
1.000000 0.000000 0.000000	0.000000 1.000000 0.000000	0.000000 0.000000 1.000000
0 0.000000 1
1 1 12 1 0 3.000000 0 37.500000 0.600000
0.000000 0.000000 0.000000
c64
TRIGGER_ELEMENT 5
1240.355957 -29.910419 2694.103271
-0.788011 0.000000 -0.615662	0.000000 1.000000 0.000000	0.615662 0.000000 -0.788011
6 1 1.000000 20.200003 0.250000 0.000000 200.000000 -1 -1 -1 -1 118 -1 0 0 0 0
1246.574097 -29.910419 2686.144287	1234.137817 -29.910419 2702.062256
1 -0.787963 0.000000 -0.615722	0 0.000000 0.000000 0.000000
Replay Camera Trigger
TRIGGER_ELEMENT 5
1107.760986 -22.495245 2595.087158
0.731354 0.000000 0.681998	0.000000 1.000000 0.000000	-0.681998 0.000000 0.731354
6 1 1.000000 17.200001 0.250000 0.000000 200.000000 -1 -1 -1 -1 54 -1 0 0 0 0
1101.895752 -22.495245 2601.376709	1113.626221 -22.495245 2588.797607
2 -0.731396 0.000000 -0.681953	0 0.000000 0.000000 0.000000
Replay Camera Trigger
TRIGGER_ELEMENT 5
1030.812256 -20.604992 2366.271729
-0.069756 0.000000 -0.997564	0.000000 1.000000 0.000000	0.997564 0.000000 -0.069756
6 1 1.000000 17.500000 0.250000 0.000000 200.000000 -1 -1 -1 -1 52 -1 0 0 0 0
1039.540894 -20.604992 2365.661377	1022.083557 -20.604992 2366.882080
1 -0.069703 0.000000 -0.997568	0 0.000000 0.000000 0.000000
Replay Camera Trigger
TRIGGER_ELEMENT 5
1015.308655 -22.253735 2210.635254
-0.087156 0.000000 -0.996195	0.000000 1.000000 0.000000	0.996195 0.000000 -0.087156
6 1 1.000000 42.200001 0.250000 0.000000 200.000000 -1 -1 -1 -1 50 -1 0 0 0 0
1036.328369 -22.253735 2208.796387	994.288940 -22.253735 2212.474121
1 -0.087167 0.000000 -0.996194	0 0.000000 0.000000 0.000000
Replay Camera Trigger
CAMERA_ELEMENT 4
1007.642334 -32.985668 1929.070557
1.000000 0.000000 0.000000	0.000000 1.000000 0.000000	0.000000 0.000000 1.000000
0 0.000000 1
1 1 11 1 0 5.000000 0 37.500000 0.900000
0.000000 0.000000 0.000000
c65
TRIGGER_ELEMENT 5
1004.808228 -33.569057 1981.417603
-0.069756 0.000000 0.997564	0.000000 1.000000 0.000000	-0.997564 0.000000 -0.069756
6 1 1.000000 28.500000 0.250000 0.000000 200.000000 -1 -1 -1 -1 123 -1 0 0 0 0
990.592957 -33.569057 1980.423584	1019.023499 -33.569057 1982.411621
2 0.069764 0.000000 -0.997564	0 0.000000 0.000000 0.000000
Replay Camera Trigger
TRIGGER_ELEMENT 5
1083.756958 -55.566666 1514.512817
-0.544639 0.000000 -0.838671	0.000000 1.000000 0.000000	0.838671 0.000000 -0.544639
6 1 1.000000 33.600002 0.250000 0.000000 200.000000 -1 -1 -1 -1 44 -1 0 0 0 0
1097.846680 -55.566666 1505.362915	1069.667236 -55.566666 1523.662720
1 -0.544688 0.000000 -0.838639	0 0.000000 0.000000 0.000000
Replay Camera Trigger
CAMERA_ELEMENT 4
779.310852 -16.264450 1470.746338
1.000000 0.000000 0.000000	0.000000 1.000000 0.000000	0.000000 0.000000 1.000000
0 0.000000 1
1 1 12 0 0 3.000000 1 25.000000 0.600000
0.000000 0.000000 0.000000
c66
TRIGGER_ELEMENT 5
863.172485 -32.620903 1449.907837
1.000000 0.000000 0.000000	0.000000 1.000000 0.000000	0.000000 0.000000 1.000000
6 1 1.000000 26.400002 0.250000 0.000000 200.000000 -1 -1 -1 -1 126 -1 0 0 0 0
863.172485 -32.620903 1463.107788	863.172485 -32.620903 1436.707886
2 -1.000000 0.000000 0.000000	0 0.000000 0.000000 0.000000
Replay Camera Trigger
TRIGGER_ELEMENT 5
637.797913 -28.147440 1478.119263
-0.992546 0.000000 0.121870	0.000000 1.000000 0.000000	-0.121870 0.000000 -0.992546
6 1 1.000000 21.200001 0.250000 0.000000 200.000000 -1 -1 -1 -1 42 -1 0 0 0 0
636.506104 -28.147440 1467.598267	639.089722 -28.147440 1488.640259
1 -0.992551 0.000000 0.121826	0 0.000000 0.000000 0.000000
Replay Camera Trigger
CAMERA_ELEMENT 4
524.948792 -19.666645 1483.534424
1.000000 0.000000 0.000000	0.000000 1.000000 0.000000	0.000000 0.000000 1.000000
0 0.000000 1
1 1 11 1 0 4.000000 0 37.500000 0.900000
0.000000 0.000000 0.000000
c67
TRIGGER_ELEMENT 5
541.429993 -28.776680 1483.351074
-0.996195 0.000000 -0.087155	0.000000 1.000000 0.000000	0.087155 0.000000 -0.996195
6 1 1.000000 35.099998 0.250000 0.000000 200.000000 -1 -1 -1 -1 129 -1 0 0 0 0
542.959534 -28.776680 1465.867798	539.900452 -28.776680 1500.834351
1 -0.996195 0.000000 -0.087156	0 0.000000 0.000000 0.000000
Replay Camera Trigger
TRIGGER_ELEMENT 5
205.052658 -30.742363 1354.344360
-0.992546 0.000000 0.121869	0.000000 1.000000 0.000000	-0.121869 0.000000 -0.992546
6 1 1.000000 33.700001 0.250000 0.000000 200.000000 -1 -1 -1 -1 38 -1 0 0 0 0
202.999161 -30.742363 1337.619995	207.106155 -30.742363 1371.068726
1 -0.992551 0.000000 0.121828	0 0.000000 0.000000 0.000000
Replay Camera Trigger
TRIGGER_ELEMENT 5
54.738140 -19.778223 1563.787231
