TRIGGER_ELEMENT 5
-598.072449 0.000000 320.003510
-0.743145 0.000000 0.669131	0.000000 1.000000 0.000000	-0.669131 0.000000 -0.743145
2 0 1.000000 3.000000 0.250000 0.000000 200.000000 0 -1 -1 0 -1 -1 0 0 0 0
-599.076172 0.000000 318.888794	-597.068726 0.000000 321.118225
0 0.000000 0.000000 0.000000	2 0.669135 0.000000 0.743141

TRIGGER_ELEMENT 5
3265.388672 -37.281563 4085.926514
0.224951 0.000000 0.974370	0.000000 1.000000 0.000000	-0.974370 0.000000 0.224951
1 1 1.000000 32.200001 0.250000 0.000000 200.000000 1 -1 -1 1 -1 -1 0 0 0 0
3249.701416 -37.281563 4089.548340	3281.075928 -37.281563 4082.304688
0 0.000000 0.000000 0.000000	0 0.000000 0.000000 0.000000

GEOM_ELEMENT 5
3274.720947 -37.281563 4080.671631
0.984807 0.000000 -0.173648	0.000000 1.000000 0.000000	0.173648 0.000000 0.984807
0 1213419078 0 0 -1 1 1 100.000000 100.000000 100.000000
Geometry Element
GEOM_ELEMENT 5
3268.996826 -37.281563 4081.910645
0.984808 0.000000 -0.173648	0.000000 1.000000 0.000000	0.173648 0.000000 0.984808
0 1213419078 0 0 -1 1 1 100.000000 100.000000 100.000000
Geometry Element
GEOM_ELEMENT 5
3263.035400 -37.281563 4083.346436
0.978147 0.000000 -0.207912	0.000000 1.000000 0.000000	0.207912 0.000000 0.978147
0 1213419078 0 0 -1 1 1 100.000000 100.000000 100.000000
Geometry Element
GEOM_ELEMENT 5
3257.147949 -37.281563 4084.727051
0.978148 0.000000 -0.207912	0.000000 1.000000 0.000000	0.207912 0.000000 0.978148
0 1213419078 0 0 -1 1 1 100.000000 100.000000 100.000000
Geometry Element
GEOM_ELEMENT 5
3251.390381 -37.281563 4085.874023
0.981627 0.000000 -0.190809	0.000000 1.000000 0.000000	0.190809 0.000000 0.981627
0 1213419078 0 0 -1 1 1 100.000000 100.000000 100.000000
Geometry Element
