TRIGGER_ELEMENT 5
3266.580566 -37.281563 4088.450928
-0.087156 0.000000 -0.996195	0.000000 1.000000 0.000000	0.996195 0.000000 -0.087156
2 0 1.000000 3.000000 0.250000 0.000000 200.000000 0 -1 -1 0 -1 -1 0 0 0 0
3268.074951 -37.281563 4088.320313	3265.086182 -37.281563 4088.581543
0 0.000000 0.000000 0.000000	1 -0.087167 0.000000 -0.996194

TRIGGER_ELEMENT 5
-586.474915 -0.033945 332.668823
0.707107 0.000000 0.707107	0.000000 1.000000 0.000000	-0.707107 0.000000 0.707107
1 1 1.000000 14.300000 0.250000 0.000000 200.000000 1 -1 -1 1 -1 -1 0 0 0 0
-591.530701 -0.033945 337.724640	-581.419128 -0.033945 327.613007
0 0.000000 0.000000 0.000000	0 0.000000 0.000000 0.000000

GEOM_ELEMENT 5
-583.412109 -0.034889 326.302521
0.669106 -0.007738 0.743127	0.008617 0.999959 0.002654	-0.743117 0.004628 0.669145
0 1213419078 0 0 -1 1 1 100.000000 100.000000 100.000000
Geometry Element
GEOM_ELEMENT 5
-587.918274 -0.017421 330.320404
0.669121 -0.003809 0.743144	0.005364 0.999985 0.000295	-0.743134 0.003789 0.669132
0 1213419078 0 0 -1 1 1 100.000000 100.000000 100.000000
Geometry Element
