TRIGGER_ELEMENT 3
-4766.761230 47.660149 -1177.434937
0.707107 0.000000 -0.707107	0.000000 1.000000 0.000000	0.707107 0.000000 0.707107
2 0 1.000000 3.000000 0.250000 0.000000 200.000000 0 -1 -1 0 -1 -1 0
-4765.700684 47.660149 -1176.374268	-4767.821777 47.660149 -1178.495605
0 0.000000 0.000000 0.000000	1 0.707046 0.000000 -0.707168
Start
TRIGGER_ELEMENT 3
-133.901474 165.186493 -231.443817
1.000000 0.000000 0.000000	0.000000 1.000000 0.000000	0.000000 0.000000 1.000000
1 0 15.000000 3.000000 0.250000 0.000000 200.000000 1 -1 -1 1 -1 -1 0
-133.901474 165.186493 -229.943817	-133.901474 165.186493 -232.943817
0 0.000000 0.000000 0.000000	0 0.000000 0.000000 0.000000
End
GEOM_ELEMENT 4
-128.390808 165.133667 -246.993118
0.999938 0.003122 -0.000012	-0.003122 0.999960 -0.003947	-0.000000 0.003947 0.999963
0 1162760003 0 0 -1 1 1 100
Geometry Element
GEOM_ELEMENT 4
-151.410721 165.136154 -228.409210
0.999937 0.002469 -0.000007	-0.002469 0.999963 -0.002944	-0.000000 0.002944 0.999965
0 1162760003 0 0 -1 1 1 100
Geometry Element
GEOM_ELEMENT 4
-138.379211 169.975220 -235.979446
0.754707 -0.000210 -0.656062	-0.002816 0.999990 -0.003560	0.656056 0.004534 0.754698
0 827806273 0 0 -1 0 1 55
Geometry Element
