TRIGGER_ELEMENT 5
-147.233826 165.115082 -248.136139
-0.544022 0.001043 -0.839070	0.000567 0.999999 0.000875	-0.838941 0.000000 0.544222
2 1 1.000000 30.874092 0.250000 0.000000 200.000000 -1 -1 -1 -1 -1 -1 0 65535 0 0
-160.184601 165.115082 -239.734955	-134.283051 165.115082 -256.537323
0 0.000000 0.000000 0.000000	0 0.000000 0.000000 0.000000

TRIGGER_ELEMENT 5
-4681.687500 45.317043 -1284.964966
-0.570001 0.003802 0.821635	0.002167 0.999993 -0.003124	0.821638 0.000000 0.570010
1 1 1.000000 24.919191 0.250000 0.000000 200.000000 -1 -1 -1 -1 -1 -1 0 65535 0 0
-4671.450195 45.317043 -1277.862915	-4691.924805 45.317043 -1292.067017
0 0.000000 0.000000 0.000000	0 0.000000 0.000000 0.000000

GEOM_ELEMENT 5
-4678.816406 45.311028 -1284.901001
0.819150 0.000016 0.573579	0.002168 0.999993 -0.003124	-0.573575 0.003802 0.819144
0 1213419078 0 0 -1 1 1 100.000000 100.000000 100.000000
Geometry Element
GEOM_ELEMENT 5
-4683.612793 45.310478 -1288.404053
0.819150 0.000017 0.573579	0.002167 0.999993 -0.003124	-0.573575 0.003802 0.819144
0 1213419078 0 0 -1 1 1 100.000000 100.000000 100.000000
Geometry Element
GEOM_ELEMENT 5
-4688.502930 45.310162 -1291.897217
0.819150 0.000019 0.573579	0.002165 0.999993 -0.003126	-0.573575 0.003802 0.819144
0 1213419078 0 0 -1 1 1 100.000000 100.000000 100.000000
Geometry Element
