TRIGGER_ELEMENT 5
-3412.029785 30.205048 -1251.438232
-0.788011 0.000000 -0.615662	0.000000 1.000000 0.000000	0.615662 0.000000 -0.788011
2 0 1.000000 3.000000 0.250000 0.000000 200.000000 0 -1 -1 0 -1 1 0 0 0 0
-3411.106201 30.205048 -1252.620239	-3412.953369 30.205048 -1250.256226
0 0.000000 0.000000 0.000000	3 0.788010 0.000000 0.615663

GEOM_ELEMENT 5
-2983.696777 27.285355 -1520.563965
-0.926952 -0.113630 0.357556	-0.118944 0.992875 0.007176	-0.355824 -0.035878 -0.933863
1 844583489 0 0 -1 1 1 72.000000 72.000000 72.000000
first arrow
TRIGGER_ELEMENT 5
-2772.190918 43.486633 -1577.309814
1.000000 0.000000 0.000000	0.000000 1.000000 0.000000	0.000000 0.000000 1.000000
0 0 1.700000 3.000000 0.250000 0.000000 200.000000 2 -1 -1 2 -1 6 0 1 0 0
-2772.190918 43.486633 -1575.809814	-2772.190918 43.486633 -1578.809814
0 0.000000 0.000000 0.000000	0 0.000000 0.000000 0.000000
Waypoint Tigger
GEOM_ELEMENT 5
-2772.300781 43.476826 -1577.272705
0.994282 0.093014 -0.001173	-0.093149 0.995573 -0.012558	0.000000 0.012595 0.998545
0 1162760003 0 0 -1 1 1 100.000000 100.000000 100.000000
Geometry Element
GEOM_ELEMENT 5
-2772.666504 45.195782 -1577.331543
-0.086777 0.004447 0.996218	-0.093149 0.995573 -0.012558	-0.991863 -0.093887 -0.085978
1 827806273 0 0 -1 0 1 18.000000 18.000000 18.000000
a1
TRIGGER_ELEMENT 5
-2953.527100 28.352707 -1527.817871
0.965926 0.000000 -0.258819	0.000000 1.000000 0.000000	0.258819 0.000000 0.965926
0 1 1.000000 20.299999 0.250000 0.000000 200.000000 1 -1 -1 1 -1 4 0 0 0 0
-2950.900146 28.352707 -1518.013672	-2956.154053 28.352707 -1537.622070
0 0.000000 0.000000 0.000000	0 0.000000 0.000000 0.000000

GEOM_ELEMENT 5
-2647.741211 55.776188 -1717.411743
0.926985 -0.021620 0.374473	0.020685 0.999765 0.006517	-0.374526 0.001704 0.927215
1 844583489 0 0 -1 1 1 53.000000 53.000000 53.000000
a2
TRIGGER_ELEMENT 5
-2688.186523 56.295715 -1724.908447
0.939693 0.000000 0.342020	0.000000 1.000000 0.000000	-0.342020 0.000000 0.939693
0 1 1.000000 28.900002 0.250000 0.000000 200.000000 3 -1 -1 3 -1 14 0 0 0 0
-2693.128662 56.295715 -1711.329834	-2683.244385 56.295715 -1738.487061
0 0.000000 0.000000 0.000000	0 0.000000 0.000000 0.000000
Waypoint Tigger
TRIGGER_ELEMENT 5
-2823.276367 44.260845 -1743.541748
1.000000 0.000000 0.000000	0.000000 1.000000 0.000000	0.000000 0.000000 1.000000
0 0 2.000000 3.000000 0.250000 0.000000 200.000000 4 -1 -1 4 -1 13 0 1 0 0
-2823.276367 44.260845 -1742.041748	-2823.276367 44.260845 -1745.041748
0 0.000000 0.000000 0.000000	0 0.000000 0.000000 0.000000
Waypoint Tigger
GEOM_ELEMENT 5
-2822.973633 44.338699 -1743.879883
0.998698 0.043674 0.008284	-0.044466 0.981509 0.186180	0.000000 -0.186306 0.982173
0 1162760003 0 0 -1 1 1 100.000000 100.000000 100.000000
Geometry Element
TRIGGER_ELEMENT 5
-2966.312744 28.034811 -1629.707275
1.000000 0.000000 0.000000	0.000000 1.000000 0.000000	0.000000 0.000000 1.000000
0 0 2.100000 3.000000 0.250000 0.000000 200.000000 5 -1 -1 5 -1 12 0 1 0 0
-2966.312744 28.034811 -1628.207275	-2966.312744 28.034811 -1631.207275
0 0.000000 0.000000 0.000000	0 0.000000 0.000000 0.000000
Waypoint Tigger
GEOM_ELEMENT 5
-2966.580078 28.033253 -1629.609009
0.999946 0.003451 0.000022	-0.003451 0.999950 0.006463	0.000000 -0.006463 0.999954
0 1162760003 0 0 -1 1 1 100.000000 100.000000 100.000000
Geometry Element
GEOM_ELEMENT 5
-2979.615234 27.334276 -1586.916016
0.999998 0.001844 0.000026	-0.001844 0.999896 0.014322	0.000000 -0.014322 0.999897
1 861360705 0 0 -1 1 1 60.000000 60.000000 60.000000
a5
GEOM_ELEMENT 5
-2966.568115 33.195000 -1629.368164
0.731416 -0.008411 0.681880	-0.008863 0.999722 0.021838	-0.681874 -0.022016 0.731138
1 827806273 0 0 -1 0 1 48.000000 48.000000 48.000000
a4
GEOM_ELEMENT 5
-2822.995605 46.220406 -1743.673706
0.188566 -0.081205 0.978698	-0.161602 0.980424 0.112485	-0.968673 -0.179370 0.171752
1 827806273 0 0 -1 0 1 25.000000 25.000000 25.000000
a3
TRIGGER_ELEMENT 5
-2561.730225 53.049492 -1688.818604
1.000000 0.000000 0.000000	0.000000 1.000000 0.000000	0.000000 0.000000 1.000000
0 0 1.700000 3.000000 0.250000 0.000000 200.000000 7 -1 -1 7 -1 17 0 1 0 0
-2561.730225 53.049492 -1687.318604	-2561.730225 53.049492 -1690.318604
0 0.000000 0.000000 0.000000	0 0.000000 0.000000 0.000000
Waypoint Tigger
GEOM_ELEMENT 5
-2561.468750 53.037781 -1688.766357
0.998828 -0.042174 -0.000539	0.042190 0.999028 0.012763	0.000000 -0.012771 0.999637
0 1162760003 0 0 -1 1 1 100.000000 100.000000 100.000000
Geometry Element
GEOM_ELEMENT 5
-2476.260498 44.672688 -1651.011841
0.000000 0.071412 -0.997447	0.060276 0.995633 0.071283	0.998182 -0.060122 -0.004304
1 844583489 0 0 -1 1 1 80.000000 80.000000 80.000000
a7
TRIGGER_ELEMENT 5
-2766.665039 50.796856 -1747.252319
-0.929605 -0.114779 0.350230	-0.107409 0.993391 0.040467	0.329747 0.000000 0.944069
0 0 13.700000 24.880600 0.250000 0.000000 200.000000 6 -1 -1 6 -1 19 0 0 0 0
-2762.562988 50.796856 -1735.507813	-2770.767090 50.796856 -1758.996826
0 0.000000 0.000000 0.000000	0 0.000000 0.000000 0.000000

GEOM_ELEMENT 5
-2561.707520 55.642555 -1688.784546
-0.139049 -0.006779 0.990262	0.042190 0.999028 0.012763	-0.989386 0.043554 -0.138628
1 827806273 0 0 -1 0 1 43.000000 43.000000 43.000000
a6
TRIGGER_ELEMENT 5
-2272.404785 21.130188 -1264.161621
0.939693 0.000000 0.342020	0.000000 1.000000 0.000000	-0.342020 0.000000 0.939693
0 1 1.000000 24.400000 0.250000 0.000000 200.000000 8 -1 -1 8 -1 23 0 0 0 0
-2276.577393 21.130188 -1252.697388	-2268.232178 21.130188 -1275.625854
0 0.000000 0.000000 0.000000	0 0.000000 0.000000 0.000000

TRIGGER_ELEMENT 5
-2070.741211 20.801210 -1282.066650
1.000000 0.000000 0.000000	0.000000 1.000000 0.000000	0.000000 0.000000 1.000000
0 0 1.700000 3.000000 0.250000 0.000000 200.000000 9 -1 -1 9 -1 24 0 1 0 0
-2070.741211 20.801210 -1280.566650	-2070.741211 20.801210 -1283.566650
0 0.000000 0.000000 0.000000	0 0.000000 0.000000 0.000000
Waypoint Tigger
GEOM_ELEMENT 5
-2070.713379 20.800901 -1282.134033
0.999939 -0.002346 0.000008	0.002346 0.999962 -0.003614	0.000000 0.003614 0.999964
0 1162760003 0 0 -1 1 1 100.000000 100.000000 100.000000
Geometry Element
GEOM_ELEMENT 5
-2071.172119 23.993210 -1281.779541
0.927181 -0.000822 0.374612	0.002346 0.999991 -0.003614	-0.374605 0.004230 0.927174
1 827806273 0 0 -1 0 1 41.000000 41.000000 41.000000
a8
GEOM_ELEMENT 5
-1933.016602 38.429722 -1666.646851
0.138500 0.047577 0.989219	-0.098261 0.994577 -0.034078	-0.985476 -0.092482 0.142424
1 844583489 0 0 -1 1 1 69.000000 69.000000 69.000000
a9
TRIGGER_ELEMENT 5
-2153.287842 64.231163 -1958.896729
0.920505 0.000000 0.390731	0.000000 1.000000 0.000000	-0.390731 0.000000 0.920505
0 1 1.000000 22.200001 0.250000 0.000000 200.000000 10 -1 -1 10 -1 26 0 0 0 0
-2157.625000 64.231163 -1948.679077	-2148.950684 64.231163 -1969.114380
0 0.000000 0.000000 0.000000	0 0.000000 0.000000 0.000000

GEOM_ELEMENT 5
-2255.531738 73.873451 -1954.271118
0.965889 0.006746 0.258868	-0.008709 0.999941 0.006439	-0.258809 -0.008474 0.965891
1 844583489 0 0 -1 0 1 65.000000 65.000000 65.000000
a10
TRIGGER_ELEMENT 5
-2458.141113 51.944069 -1819.730713
1.000000 0.000000 0.000000	0.000000 1.000000 0.000000	0.000000 0.000000 1.000000
0 0 2.000000 3.000000 0.250000 0.000000 200.000000 12 -1 -1 12 -1 31 0 1 0 0
-2458.141113 51.944069 -1818.230713	-2458.141113 51.944069 -1821.230713
0 0.000000 0.000000 0.000000	0 0.000000 0.000000 0.000000
Waypoint Tigger
GEOM_ELEMENT 5
-2457.828369 51.927933 -1819.833984
0.998941 -0.040062 0.001693	0.040108 0.998304 -0.042184	0.000000 0.042207 0.998854
0 1162760003 0 0 -1 1 1 100.000000 100.000000 100.000000
Geometry Element
GEOM_ELEMENT 5
-2457.834717 54.443249 -1819.827393
0.818406 -0.009152 0.574567	0.042665 0.998081 -0.044874	-0.573054 0.061239 0.817226
1 827806273 0 0 -1 0 1 43.000000 43.000000 43.000000
a11
TRIGGER_ELEMENT 5
-2393.507324 61.098248 -1952.856323
0.882948 0.000000 -0.469471	0.000000 1.000000 0.000000	0.469471 0.000000 0.882948
0 1 1.000000 20.700001 0.250000 0.000000 200.000000 11 -1 -1 11 -1 29 0 0 0 0
-2388.648193 61.098248 -1943.717773	-2398.366455 61.098248 -1961.994873
0 0.000000 0.000000 0.000000	0 0.000000 0.000000 0.000000

GEOM_ELEMENT 5
-2649.842773 55.755135 -1707.511597
-0.977938 0.021594 -0.207775	0.020691 0.999765 0.006519	0.207867 0.002076 -0.978155
1 844583489 0 0 -1 1 1 50.000000 50.000000 50.000000
a12
TRIGGER_ELEMENT 5
-2625.424072 55.238148 -1705.721924
0.951057 0.000000 0.309017	0.000000 1.000000 0.000000	-0.309017 0.000000 0.951057
0 1 1.000000 24.700001 0.250000 0.000000 200.000000 13 -1 -1 13 -1 33 0 0 0 0
-2629.240479 55.238148 -1693.976318	-2621.607666 55.238148 -1717.467529
0 0.000000 0.000000 0.000000	0 0.000000 0.000000 0.000000
Waypoint Tigger
GEOM_ELEMENT 5
-2473.360107 43.334095 -1636.885254
-0.968590 0.034053 0.246322	0.059276 0.993642 0.095719	-0.241496 0.107313 -0.964450
1 844583489 0 0 -1 1 1 74.000000 74.000000 74.000000
a13
TRIGGER_ELEMENT 5
-2009.522705 46.880276 -1796.589111
0.681998 0.000000 0.731354	0.000000 1.000000 0.000000	-0.731354 0.000000 0.681998
0 1 1.000000 23.900000 0.250000 0.000000 200.000000 14 -1 -1 14 -1 35 0 0 0 0
-2018.262329 46.880276 -1788.439209	-2000.783081 46.880276 -1804.739014
0 0.000000 0.000000 0.000000	0 0.000000 0.000000 0.000000

GEOM_ELEMENT 5
-1936.076172 38.139000 -1665.321167
-0.975765 -0.106590 0.191106	-0.109124 0.994024 -0.002757	-0.189670 -0.023544 -0.981565
1 844583489 0 0 -1 1 1 62.000000 62.000000 62.000000
a14
TRIGGER_ELEMENT 5
-1816.398926 50.429737 -1620.844971
1.000000 0.000000 0.000000	0.000000 1.000000 0.000000	0.000000 0.000000 1.000000
0 1 1.000000 19.299999 0.250000 0.000000 200.000000 15 -1 -1 15 -1 39 0 0 0 0
-1816.398926 50.429737 -1611.194946	-1816.398926 50.429737 -1630.494995
0 0.000000 0.000000 0.000000	0 0.000000 0.000000 0.000000

TRIGGER_ELEMENT 5
-1618.043213 57.415829 -1592.413818
1.000000 0.000000 0.000000	0.000000 1.000000 0.000000	0.000000 0.000000 1.000000
0 0 2.000000 3.000000 0.250000 0.000000 200.000000 16 -1 -1 16 -1 40 0 1 0 0
-1618.043213 57.415829 -1590.913818	-1618.043213 57.415829 -1593.913818
0 0.000000 0.000000 0.000000	0 0.000000 0.000000 0.000000
Waypoint Tigger
GEOM_ELEMENT 5
-1618.161377 57.422943 -1592.291626
0.995711 -0.080588 -0.001619	0.080688 0.996538 0.020017	0.000000 -0.020062 0.998767
0 1162760003 0 0 -1 1 1 100.000000 100.000000 100.000000
Geometry Element
GEOM_ELEMENT 5
-1617.985474 59.868298 -1592.637329
0.308017 -0.005809 -0.951363	0.080402 0.996563 0.019946	0.947977 -0.082635 0.307425
1 827806273 0 0 -1 0 1 38.000000 38.000000 38.000000
a15
GEOM_ELEMENT 5
-1506.661499 55.953114 -1521.152100
-0.996174 0.007420 -0.087072	0.006376 0.999904 0.012257	0.087154 0.011655 -0.996127
1 844583489 0 0 -1 1 1 75.000000 75.000000 75.000000
a16
TRIGGER_ELEMENT 5
-1331.241821 78.791069 -1487.019165
0.121869 0.000000 0.992546	0.000000 1.000000 0.000000	-0.992546 0.000000 0.121869
0 1 1.000000 8.000000 0.250000 0.000000 200.000000 17 -1 -1 17 -1 44 0 0 0 0
-1335.212036 78.791069 -1486.531738	-1327.271606 78.791069 -1487.506592
0 0.000000 0.000000 0.000000	0 0.000000 0.000000 0.000000

TRIGGER_ELEMENT 5
-1181.422607 93.752205 -1312.106445
1.000000 0.000000 0.000000	0.000000 1.000000 0.000000	0.000000 0.000000 1.000000
0 0 2.500000 3.000000 0.250000 0.000000 200.000000 18 -1 -1 18 -1 45 0 1 0 0
-1181.422607 93.752205 -1310.606445	-1181.422607 93.752205 -1313.606445
0 0.000000 0.000000 0.000000	0 0.000000 0.000000 0.000000
Waypoint Tigger
GEOM_ELEMENT 5
-1181.416138 93.748596 -1312.247314
0.999284 0.032967 -0.000896	-0.032985 0.999087 -0.027139	0.000000 0.027149 0.999459
0 1162760003 0 0 -1 1 1 100.000000 100.000000 100.000000
Geometry Element
GEOM_ELEMENT 5
-1181.521362 97.310020 -1312.162842
0.642438 0.000394 -0.766338	-0.032985 0.999087 -0.027139	0.765627 0.042713 0.641864
1 827806273 0 0 -1 0 1 40.000000 40.000000 40.000000
a17
GEOM_ELEMENT 5
-1077.476196 101.254364 -1258.792236
-0.291309 -0.182296 -0.939099	-0.085199 0.982718 -0.164334	0.952827 0.032138 -0.301806
1 844583489 0 0 -1 1 1 71.000000 71.000000 71.000000
a18
TRIGGER_ELEMENT 5
-659.316345 134.445480 -1298.163574
0.422618 0.000000 -0.906308	0.000000 1.000000 0.000000	0.906308 0.000000 0.422618
0 1 1.000000 29.000000 0.250000 0.000000 200.000000 19 -1 -1 19 -1 49 0 0 0 0
-646.174866 134.445480 -1292.035645	-672.457825 134.445480 -1304.291504
0 0.000000 0.000000 0.000000	0 0.000000 0.000000 0.000000

TRIGGER_ELEMENT 5
-493.371582 137.381866 -1390.115845
1.000000 0.000000 0.000000	0.000000 1.000000 0.000000	0.000000 0.000000 1.000000
0 0 2.400000 3.000000 0.250000 0.000000 200.000000 20 -1 -1 20 -1 50 0 1 0 0
-493.371582 137.381866 -1388.615845	-493.371582 137.381866 -1391.615845
0 0.000000 0.000000 0.000000	0 0.000000 0.000000 0.000000
Waypoint Tigger
GEOM_ELEMENT 5
-493.107483 137.373764 -1390.105225
0.999388 -0.030495 -0.000087	0.030500 0.999531 0.002849	0.000000 -0.002850 0.999849
0 1162760003 0 0 -1 1 1 100.000000 100.000000 100.000000
Geometry Element
GEOM_ELEMENT 5
-493.084229 140.278854 -1390.230469
0.017444 0.002317 -0.999845	0.030500 0.999531 0.002849	0.999382 -0.030545 0.017366
1 827806273 0 0 -1 0 1 37.000000 37.000000 37.000000
a19
GEOM_ELEMENT 5
-436.128540 141.140823 -943.108582
0.927050 0.004856 0.374906	-0.016991 0.999433 0.029069	-0.374552 -0.033319 0.926607
1 827806273 0 0 -1 0 1 29.000000 29.000000 29.000000
a20
TRIGGER_ELEMENT 5
-437.388000 140.996368 -938.881165
1.000000 0.000000 0.000000	0.000000 1.000000 0.000000	0.000000 0.000000 1.000000
1 0 15.000000 3.000000 0.250000 0.000000 200.000000 21 -1 -1 21 -1 -1 0 1 0 0
-437.388000 140.996368 -937.381165	-437.388000 140.996368 -940.381165
0 0.000000 0.000000 0.000000	0 0.000000 0.000000 0.000000
End
GEOM_ELEMENT 5
-436.819427 141.156586 -944.053833
0.999810 0.016983 0.000494	-0.016991 0.999433 0.029069	0.000000 -0.029072 0.999532
0 1162760003 0 0 -1 1 1 100.000000 100.000000 100.000000
Geometry Element
GEOM_ELEMENT 5
-434.301086 141.141693 -942.066162
0.999809 0.017007 0.000495	-0.017015 0.999431 0.029110	0.000000 -0.029113 0.999530
0 1162760003 0 0 -1 1 1 100.000000 100.000000 100.000000
Geometry Element
GEOM_ELEMENT 5
-432.577789 141.139053 -940.968079
0.999809 0.017007 0.000495	-0.017015 0.999431 0.029110	0.000000 -0.029113 0.999530
0 1162760003 0 0 -1 1 1 100.000000 100.000000 100.000000
Geometry Element
GEOM_ELEMENT 5
-438.321198 141.157913 -944.977173
0.999810 0.016983 0.000494	-0.016991 0.999433 0.029069	0.000000 -0.029072 0.999532
0 1162760003 0 0 -1 1 1 100.000000 100.000000 100.000000
Geometry Element
GEOM_ELEMENT 5
-434.828613 141.094360 -940.749512
0.999809 0.017007 0.000495	-0.017015 0.999431 0.029110	0.000000 -0.029113 0.999530
0 1162760003 0 0 -1 1 1 100.000000 100.000000 100.000000
Geometry Element
GEOM_ELEMENT 5
-437.627106 141.107361 -942.833557
0.999810 0.016983 0.000494	-0.016991 0.999433 0.029069	0.000000 -0.029072 0.999532
0 1162760003 0 0 -1 1 1 100.000000 100.000000 100.000000
Geometry Element
GEOM_ELEMENT 5
-530.203918 152.049362 -625.139465
0.730497 -0.171133 -0.661125	0.048373 0.978628 -0.199870	0.681200 0.114024 0.723163
0 1464094277 1 0 -1 1 1 100.000000 100.000000 100.000000
Geometry Element
GEOM_ELEMENT 5
-520.550781 150.445602 -630.886658
0.787708 -0.157539 -0.595565	0.027730 0.974837 -0.221187	0.615425 0.157716 0.772255
0 1464094277 1 0 -1 1 1 100.000000 100.000000 100.000000
Geometry Element
GEOM_ELEMENT 5
-3465.028076 29.050196 -1282.643677
-0.258811 -0.000637 0.965928	-0.008243 0.999965 -0.001549	-0.965893 -0.008363 -0.258807
0 1464094277 1 0 -1 1 1 125.000000 125.000000 125.000000
Geometry Element
