CAMERA_ELEMENT 4
-202.079025 170.653137 -304.198303
1.000000 0.000000 0.000000	0.000000 1.000000 0.000000	0.000000 0.000000 1.000000
0 0.000000 1
1 1 12 1 1 3.000000 0 45.000000 0.600000
0.000000 0.000000 0.000000
c1
TRIGGER_ELEMENT 5
-128.060562 165.275070 -225.388916
-0.766044 0.000000 -0.642788	0.000000 1.000000 0.000000	0.642788 0.000000 -0.766044
6 1 1.000000 35.900002 0.250000 0.000000 200.000000 -1 -1 -1 -1 0 -1 0 65535 0 0
-116.522522 165.275070 -239.139404	-139.598602 165.275070 -211.638428
1 -0.766039 0.000000 -0.642794	0 0.000000 0.000000 0.000000

CAMERA_ELEMENT 4
-406.084717 176.250061 -547.628235
1.000000 0.000000 0.000000	0.000000 1.000000 0.000000	0.000000 0.000000 1.000000
0 0.000000 1
1 1 12 1 0 4.000000 0 45.000000 0.600000
0.000000 0.000000 0.000000
c2
TRIGGER_ELEMENT 5
-304.387451 166.744415 -325.261688
0.629321 0.000000 0.777146	0.000000 1.000000 0.000000	-0.777146 0.000000 0.629321
6 1 1.000000 32.000000 0.250000 0.000000 200.000000 -1 -1 -1 -1 159 -1 0 0 0 0
-316.821777 166.744415 -315.192566	-291.953125 166.744415 -335.330811
2 -0.629321 0.000000 -0.777145	0 0.000000 0.000000 0.000000
Replay Camera Trigger
CAMERA_ELEMENT 4
-437.397278 142.508179 -957.926636
0.974473 0.032769 0.222100	-0.024646 0.998925 -0.039250	-0.223147 0.032774 0.974233
0 0.000000 0
1 1 12 0 0 3.000000 1 45.000000 0.600000
0.000000 0.000000 0.000000
c3
TRIGGER_ELEMENT 5
-562.918945 145.521179 -685.912659
0.087156 0.000000 0.996195	0.000000 1.000000 0.000000	-0.996195 0.000000 0.087156
6 1 1.000000 33.500004 0.250000 0.000000 200.000000 -1 -1 -1 -1 4 -1 0 65535 0 0
-579.605225 145.521179 -684.452820	-546.232666 145.521179 -687.372498
2 -0.087156 0.000000 -0.996195	0 0.000000 0.000000 0.000000

CAMERA_ELEMENT 4
-417.542358 145.170288 -963.685242
1.000000 0.000000 0.000000	0.000000 1.000000 0.000000	0.000000 0.000000 1.000000
0 0.000000 1
1 1 11 1 0 3.000000 0 45.000000 0.980000
0.000000 0.000000 0.000000
c4
TRIGGER_ELEMENT 5
-426.175079 141.817429 -966.707642
-0.390731 0.000000 0.920505	0.000000 1.000000 0.000000	-0.920505 0.000000 -0.390731
6 1 1.000000 28.900002 0.250000 0.000000 200.000000 -1 -1 -1 -1 6 -1 0 65535 0 0
-439.476379 141.817429 -972.353699	-412.873779 141.817429 -961.061584
2 0.390709 0.000000 -0.920514	0 0.000000 0.000000 0.000000

CAMERA_ELEMENT 4
-277.528931 136.416229 -1367.583618
1.000000 0.000000 0.000000	0.000000 1.000000 0.000000	0.000000 0.000000 1.000000
0 0.000000 1
1 1 12 0 0 3.000000 1 25.000000 0.600000
0.000000 0.000000 0.000000
c5
TRIGGER_ELEMENT 5
-300.828827 136.331055 -1145.067749
-0.453990 0.000000 0.891007	0.000000 1.000000 0.000000	-0.891007 0.000000 -0.453990
6 1 1.000000 29.200001 0.250000 0.000000 200.000000 -1 -1 -1 -1 8 -1 0 65535 0 0
-313.837524 136.331055 -1151.696045	-287.820129 136.331055 -1138.439453
2 0.453988 0.000000 -0.891008	0 0.000000 0.000000 0.000000

CAMERA_ELEMENT 4
-697.860962 143.745483 -1241.888306
-0.856870 -0.307214 -0.413997	-0.211715 0.941903 -0.260758	0.470054 -0.135786 -0.872130
0 0.000000 1
1 1 12 1 0 2.500000 0 45.000000 0.600000
0.000000 0.000000 0.000000
c6
TRIGGER_ELEMENT 5
-564.587891 136.505051 -1394.858765
-0.992546 0.000000 0.121869	0.000000 1.000000 0.000000	-0.121869 0.000000 -0.992546
6 1 1.000000 36.400002 0.250000 0.000000 200.000000 -1 -1 -1 -1 10 -1 0 65535 0 0
-566.805908 136.505051 -1412.923096	-562.369873 136.505051 -1376.794434
1 -0.992551 0.000000 0.121826	0 0.000000 0.000000 0.000000

CAMERA_ELEMENT 4
-967.263367 119.369698 -1218.415894
-0.144236 0.020199 -0.989337	-0.109648 0.993308 0.036266	0.983449 0.113710 -0.141056
0 0.000000 0
1 1 12 0 0 3.000000 1 35.000000 0.600000
0.000000 0.000000 0.000000
c7
TRIGGER_ELEMENT 5
-866.116943 130.643768 -1247.692017
-0.939692 0.000000 0.342020	0.000000 1.000000 0.000000	-0.342020 0.000000 -0.939692
6 1 1.000000 34.100002 0.250000 0.000000 200.000000 -1 -1 -1 -1 12 -1 0 65535 0 0
-871.948364 130.643768 -1263.713745	-860.285522 130.643768 -1231.670288
1 -0.939687 0.000000 0.342037	0 0.000000 0.000000 0.000000

CAMERA_ELEMENT 4
-1058.925171 111.227516 -1214.309204
1.000000 0.000000 0.000000	0.000000 1.000000 0.000000	0.000000 0.000000 1.000000
0 0.000000 1
1 1 12 0 0 3.000000 1 25.000000 0.600000
0.000000 0.000000 0.000000
c8
TRIGGER_ELEMENT 5
-969.270264 117.970360 -1207.985474
-0.992546 0.000000 0.121870	0.000000 1.000000 0.000000	-0.121870 0.000000 -0.992546
6 1 1.000000 35.200001 0.250000 0.000000 200.000000 -1 -1 -1 -1 14 -1 0 65535 0 0
-971.415161 117.970360 -1225.454224	-967.125366 117.970360 -1190.516724
1 -0.992551 0.000000 0.121826	0 0.000000 0.000000 0.000000

CAMERA_ELEMENT 4
-1145.483521 88.481483 -1422.261108
1.000000 0.000000 0.000000	0.000000 1.000000 0.000000	0.000000 0.000000 1.000000
0 0.000000 1
1 1 12 1 0 2.500000 0 45.000000 0.600000
0.000000 0.000000 0.000000
c9
TRIGGER_ELEMENT 5
-1095.034790 93.542236 -1296.283447
-0.241922 0.000000 -0.970296	0.000000 1.000000 0.000000	0.970296 0.000000 -0.241922
6 1 1.000000 33.000000 0.250000 0.000000 200.000000 -1 -1 -1 -1 16 -1 0 65535 0 0
-1079.024902 93.542236 -1300.275146	-1111.044678 93.542236 -1292.291748
1 -0.241932 0.000000 -0.970293	0 0.000000 0.000000 0.000000

CAMERA_ELEMENT 4
-1270.246704 77.108879 -1331.706787
0.459434 -0.048780 0.886871	0.014233 0.998767 0.047561	-0.888098 -0.009229 0.459562
0 0.000000 1
1 1 12 1 0 3.500000 0 45.000000 0.600000
0.000000 0.000000 0.000000
c10
TRIGGER_ELEMENT 5
-1197.371826 81.978050 -1409.553467
-0.920505 0.000000 0.390731	0.000000 1.000000 0.000000	-0.390731 0.000000 -0.920505
6 1 1.000000 44.099998 0.250000 0.000000 200.000000 -1 -1 -1 -1 18 -1 0 65535 0 0
-1205.987427 81.978050 -1429.850586	-1188.756226 81.978050 -1389.256348
1 -0.920503 0.000000 0.390735	0 0.000000 0.000000 0.000000

CAMERA_ELEMENT 4
-1493.342773 63.984894 -1417.874634
0.627944 -0.045124 -0.776949	0.018858 0.998907 -0.042773	0.778030 0.012207 0.628108
1 2.000000 1
1 1 12 1 0 3.000000 0 45.000000 0.600000
0.000000 0.000000 0.000000
c11
TRIGGER_ELEMENT 5
-1351.731445 68.858727 -1329.690796
-0.987688 0.000000 -0.156434	0.000000 1.000000 0.000000	0.156434 0.000000 -0.987688
6 1 1.000000 23.199999 0.250000 0.000000 200.000000 -1 -1 -1 -1 20 -1 0 65535 0 0
-1349.916870 68.858727 -1341.147949	-1353.546021 68.858727 -1318.233643
1 -0.987679 0.000000 -0.156495	0 0.000000 0.000000 0.000000

CAMERA_ELEMENT 4
-1659.008179 72.239914 -1611.425659
0.380817 0.135336 -0.914692	0.047540 0.985057 0.165539	0.923427 -0.106525 0.368693
0 0.000000 1
1 1 12 0 0 3.000000 1 45.000000 0.600000
0.000000 0.000000 0.000000
c12
TRIGGER_ELEMENT 5
-1517.562744 56.314594 -1538.522583
-0.587785 0.000000 -0.809017	0.000000 1.000000 0.000000	0.809017 0.000000 -0.587785
6 1 1.000000 32.299999 0.250000 0.000000 200.000000 -1 -1 -1 -1 22 -1 0 65535 0 0
-1504.497070 56.314594 -1548.015259	-1530.628418 56.314594 -1529.029907
1 -0.587801 0.000000 -0.809005	0 0.000000 0.000000 0.000000

CAMERA_ELEMENT 4
-1939.515137 40.518326 -1659.457153
-0.969782 -0.006480 0.243886	-0.010064 0.999859 -0.013451	-0.243764 -0.015499 -0.969710
0 0.000000 1
1 1 12 0 0 3.000000 1 25.000000 0.600000
0.000000 0.000000 0.000000
c13
TRIGGER_ELEMENT 5
-1837.088989 48.850906 -1628.208618
-0.933581 0.000000 -0.358367	0.000000 1.000000 0.000000	0.358367 0.000000 -0.933581
6 1 1.000000 28.600000 0.250000 0.000000 200.000000 -1 -1 -1 -1 24 -1 0 65535 0 0
-1831.964355 48.850906 -1641.558838	-1842.213623 48.850906 -1614.858398
1 -0.933572 0.000000 -0.358390	0 0.000000 0.000000 0.000000

CAMERA_ELEMENT 4
-2052.945313 28.224243 -1536.562378
1.000000 0.000000 0.000000	0.000000 1.000000 0.000000	0.000000 0.000000 1.000000
0 0.000000 1
1 1 12 1 0 3.000000 0 45.000000 0.600000
0.000000 0.000000 0.000000
c14
TRIGGER_ELEMENT 5
-2001.139404 33.746422 -1645.047485
0.743145 0.000000 -0.669131	0.000000 1.000000 0.000000	0.669131 0.000000 0.743145
6 1 1.000000 32.300003 0.250000 0.000000 200.000000 -1 -1 -1 -1 26 -1 0 65535 0 0
-1990.332886 33.746422 -1633.045654	-2011.945923 33.746422 -1657.049316
2 -0.743124 0.000000 0.669154	0 0.000000 0.000000 0.000000

CAMERA_ELEMENT 4
-2088.432861 25.010672 -1247.761841
1.000000 0.000000 0.000000	0.000000 1.000000 0.000000	0.000000 0.000000 1.000000
0 0.000000 1
1 1 12 1 0 3.000000 0 45.000000 0.600000
0.000000 0.000000 0.000000
c15
TRIGGER_ELEMENT 5
-2070.535889 20.793215 -1284.145386
-0.629320 0.000000 0.777146	0.000000 1.000000 0.000000	-0.777146 0.000000 -0.629320
6 1 1.000000 36.900002 0.250000 0.000000 200.000000 -1 -1 -1 -1 28 -1 0 65535 0 0
-2084.874268 20.793215 -1295.756348	-2056.197510 20.793215 -1272.534424
1 -0.629314 0.000000 0.777151	0 0.000000 0.000000 0.000000

CAMERA_ELEMENT 4
-2345.744873 24.647694 -1296.702881
1.000000 0.000000 0.000000	0.000000 1.000000 0.000000	0.000000 0.000000 1.000000
1 2.000000 1
1 1 12 1 0 3.000000 0 45.000000 0.600000
0.000000 0.000000 0.000000
c16
TRIGGER_ELEMENT 5
-2147.435791 20.969566 -1237.204956
1.000000 0.000000 0.000000	0.000000 1.000000 0.000000	0.000000 0.000000 1.000000
6 1 1.000000 30.700001 0.250000 0.000000 200.000000 -1 -1 -1 -1 30 -1 0 65535 0 0
-2147.435791 20.969566 -1221.854980	-2147.435791 20.969566 -1252.554932
2 -1.000000 0.000000 0.000000	0 0.000000 0.000000 0.000000

CAMERA_ELEMENT 4
-2439.552246 29.269056 -1527.878662
1.000000 0.000000 0.000000	0.000000 1.000000 0.000000	0.000000 0.000000 1.000000
1 2.000000 1
1 1 12 0 0 3.000000 1 20.000000 0.600000
0.000000 0.000000 0.000000
c17
TRIGGER_ELEMENT 5
-2384.385010 19.243347 -1471.900269
-0.207912 0.000000 -0.978148	0.000000 1.000000 0.000000	0.978148 0.000000 -0.207912
6 1 1.000000 21.600000 0.250000 0.000000 200.000000 -1 -1 -1 -1 32 -1 0 65535 0 0
-2373.821045 19.243347 -1474.145752	-2394.948975 19.243347 -1469.654785
1 -0.208003 0.000000 -0.978128	0 0.000000 0.000000 0.000000

CAMERA_ELEMENT 4
-2511.255859 51.526436 -1655.284058
-0.027525 0.040775 -0.998789	0.041589 0.998350 0.039611	0.998756 -0.040449 -0.029176
0 0.000000 1
1 1 12 0 0 3.000000 1 25.000000 0.600000
0.000000 0.000000 0.000000
c18
TRIGGER_ELEMENT 5
-2458.876953 33.439297 -1573.166992
-0.017452 0.000000 -0.999848	0.000000 1.000000 0.000000	0.999848 0.000000 -0.017452
6 1 1.000000 27.400000 0.250000 0.000000 200.000000 -1 -1 -1 -1 34 -1 0 65535 0 0
-2445.178955 33.439297 -1573.406128	-2472.574951 33.439297 -1572.927856
1 -0.017333 0.000000 -0.999850	0 0.000000 0.000000 0.000000

CAMERA_ELEMENT 4
-2618.175049 100.229553 -1637.655396
-0.825928 0.173745 0.536336	-0.177985 0.822318 -0.540476	-0.534944 -0.541855 -0.648251
0 0.000000 0
1 1 12 0 0 3.000000 1 45.000000 0.600000
0.000000 0.000000 0.000000
c19
TRIGGER_ELEMENT 5
-2565.797119 53.222717 -1691.039917
0.951057 0.000000 0.309017	0.000000 1.000000 0.000000	-0.309017 0.000000 0.951057
6 1 1.000000 24.100000 0.250000 0.000000 200.000000 -1 -1 -1 -1 36 -1 0 65535 0 0
-2569.520752 53.222717 -1679.579712	-2562.073486 53.222717 -1702.500122
2 -0.951084 0.000000 -0.308931	0 0.000000 0.000000 0.000000

CAMERA_ELEMENT 4
-2962.835449 32.461079 -1652.939819
-0.220609 -0.115484 -0.968501	0.039818 0.991072 -0.127246	0.974549 -0.066635 -0.214041
0 0.000000 1
1 1 12 1 0 2.000000 0 45.000000 0.600000
0.000000 0.000000 0.000000
c20
TRIGGER_ELEMENT 5
-2786.209961 48.937790 -1751.371582
-0.987688 0.000000 -0.156434	0.000000 1.000000 0.000000	0.156434 0.000000 -0.987688
6 1 1.000000 27.800001 0.250000 0.000000 200.000000 -1 -1 -1 -1 38 -1 0 65535 0 0
-2784.035645 48.937790 -1765.100464	-2788.384277 48.937790 -1737.642700
1 -0.987682 0.000000 -0.156477	0 0.000000 0.000000 0.000000

CAMERA_ELEMENT 4
-3028.874512 32.285801 -1475.237549
-0.513440 -0.073214 -0.854996	-0.010725 0.996824 -0.078917	0.858059 -0.031350 -0.512595
0 0.000000 1
1 1 12 0 0 3.000000 1 50.000000 0.600000
0.000000 0.000000 0.000000
c21
TRIGGER_ELEMENT 5
-2979.364014 27.177919 -1575.939453
-0.207912 0.000000 0.978148	0.000000 1.000000 0.000000	-0.978148 0.000000 -0.207912
6 1 1.000000 29.700001 0.250000 0.000000 200.000000 -1 -1 -1 -1 40 -1 0 65535 0 0
-2993.889404 27.177919 -1579.026978	-2964.838623 27.177919 -1572.851929
1 -0.208003 0.000000 0.978128	0 0.000000 0.000000 0.000000

CAMERA_ELEMENT 4
-3149.919189 28.085457 -1226.049072
1.000000 0.000000 0.000000	0.000000 1.000000 0.000000	0.000000 0.000000 1.000000
0 0.000000 1
1 1 12 1 0 2.000000 0 45.000000 0.600000
0.000000 0.000000 0.000000
c22
TRIGGER_ELEMENT 5
-3146.255371 24.767702 -1267.699585
-0.121869 0.000000 -0.992546	0.000000 1.000000 0.000000	0.992546 0.000000 -0.121869
6 1 1.000000 42.900002 0.250000 0.000000 200.000000 -1 -1 -1 -1 42 -1 0 0 0 0
-3124.965332 24.767702 -1270.313721	-3167.545410 24.767702 -1265.085449
2 0.121826 0.000000 0.992551	0 0.000000 0.000000 0.000000
Replay Camera Trigger
CAMERA_ELEMENT 4
-3168.311035 26.259474 -1182.666260
0.921181 0.027157 0.388186	0.042135 0.984736 -0.168878	-0.386847 0.171923 0.905976
0 0.000000 0
1 1 12 0 0 3.000000 1 45.000000 0.600000
0.000000 0.000000 0.000000
c23
TRIGGER_ELEMENT 5
-3155.925293 24.858824 -1185.688599
-0.642788 0.000000 0.766044	0.000000 1.000000 0.000000	-0.766044 0.000000 -0.642788
6 1 1.000000 31.799999 0.250000 0.000000 200.000000 -1 -1 -1 -1 44 -1 0 65535 0 0
-3168.105469 24.858824 -1195.908936	-3143.745117 24.858824 -1175.468262
1 -0.642834 0.000000 0.766005	0 0.000000 0.000000 0.000000

CAMERA_ELEMENT 4
-3437.769531 31.822102 -1278.161499
1.000000 0.000000 0.000000	0.000000 1.000000 0.000000	0.000000 0.000000 1.000000
0 0.000000 1
1 1 12 1 0 5.000000 0 45.000000 0.600000
0.000000 0.000000 0.000000
c24
TRIGGER_ELEMENT 5
-3291.386719 33.384525 -1164.380371
-0.857167 0.000000 -0.515038	0.000000 1.000000 0.000000	0.515038 0.000000 -0.857167
6 1 1.000000 24.200001 0.250000 0.000000 200.000000 -1 -1 -1 -1 46 -1 0 65535 0 0
-3285.154785 33.384525 -1174.752075	-3297.618652 33.384525 -1154.008667
1 -0.857180 0.000000 -0.515016	0 0.000000 0.000000 0.000000

CAMERA_ELEMENT 4
-3654.636963 16.956810 -1269.898315
1.000000 0.000000 0.000000	0.000000 1.000000 0.000000	0.000000 0.000000 1.000000
0 0.000000 1
1 1 12 1 0 2.500000 0 45.000000 0.600000
0.000000 0.000000 0.000000
c25
TRIGGER_ELEMENT 5
-3552.561035 24.962112 -1285.316284
-1.000000 0.000000 0.000000	0.000000 1.000000 0.000000	0.000000 0.000000 -1.000000
6 1 1.000000 24.199999 0.250000 0.000000 200.000000 -1 -1 -1 -1 48 -1 0 65535 0 0
-3552.561035 24.962112 -1297.416260	-3552.561035 24.962112 -1273.216309
1 -1.000000 0.000000 0.000000	0 0.000000 0.000000 0.000000

CAMERA_ELEMENT 4
-3762.404053 46.388279 -1507.266968
1.000000 0.000000 0.000000	0.000000 1.000000 0.000000	0.000000 0.000000 1.000000
0 0.000000 1
1 1 12 1 0 3.000000 0 45.000000 0.600000
0.000000 0.000000 0.000000
c26
TRIGGER_ELEMENT 5
-3735.379883 17.257582 -1336.819580
-0.422618 0.000000 -0.906308	0.000000 1.000000 0.000000	0.906308 0.000000 -0.422618
6 1 1.000000 30.699997 0.250000 0.000000 200.000000 -1 -1 -1 -1 50 -1 0 65535 0 0
-3721.468018 17.257582 -1343.306763	-3749.291748 17.257582 -1330.332397
1 -0.422632 0.000000 -0.906302	0 0.000000 0.000000 0.000000

CAMERA_ELEMENT 4
-3939.473389 37.817265 -1642.101074
1.000000 0.000000 0.000000	0.000000 1.000000 0.000000	0.000000 0.000000 1.000000
0 0.000000 1
1 1 12 1 0 4.000000 0 45.000000 0.600000
0.000000 0.000000 0.000000
c27
TRIGGER_ELEMENT 5
-3820.369141 42.542034 -1569.289307
0.615662 0.000000 0.788011	0.000000 1.000000 0.000000	-0.788011 0.000000 0.615662
6 1 1.000000 22.700001 0.250000 0.000000 200.000000 -1 -1 -1 -1 52 -1 0 65535 0 0
-3829.312988 42.542034 -1562.301514	-3811.425293 42.542034 -1576.277100
2 -0.615722 0.000000 -0.787963	0 0.000000 0.000000 0.000000

CAMERA_ELEMENT 4
-4096.095215 63.688095 -1536.326294
-0.997924 0.015568 -0.062475	0.031975 0.962044 -0.271012	0.055885 -0.272447 -0.960546
1 2.000000 1
1 1 12 0 0 6.000000 1 40.000000 0.600000
0.000000 0.000000 0.000000
c28
TRIGGER_ELEMENT 5
-3967.902344 31.750988 -1640.036255
-0.998630 0.000000 -0.052336	0.000000 1.000000 0.000000	0.052336 0.000000 -0.998630
6 1 1.000000 32.900002 0.250000 0.000000 200.000000 -1 -1 -1 -1 54 -1 0 65535 0 0
-3967.041504 31.750988 -1656.463745	-3968.763184 31.750988 -1623.608765
1 -0.998628 0.000000 -0.052373	0 0.000000 0.000000 0.000000

CAMERA_ELEMENT 4
-4083.012695 52.635811 -1628.706909
1.000000 0.000000 0.000000	0.000000 1.000000 0.000000	0.000000 0.000000 1.000000
0 0.000000 1
1 1 10 0 0 3.000000 0 45.000000 0.600000
0.000000 0.000000 0.000000
c29
TRIGGER_ELEMENT 5
-4088.523438 49.183502 -1635.072021
0.798636 0.000000 -0.601815	0.000000 1.000000 0.000000	0.601815 0.000000 0.798636
6 1 1.000000 32.500000 0.250000 0.000000 200.000000 -1 -1 -1 -1 56 -1 0 65535 0 0
-4078.743896 49.183502 -1622.094238	-4098.302734 49.183502 -1648.049805
1 0.798621 0.000000 -0.601834	0 0.000000 0.000000 0.000000

CAMERA_ELEMENT 4
-4162.671387 77.276512 -1615.447998
0.025133 0.043713 0.998728	0.169771 0.984345 -0.047355	-0.985163 0.170745 0.017318
0 0.000000 1
1 1 12 1 0 3.000000 0 45.000000 0.600000
0.000000 0.000000 0.000000
c30
TRIGGER_ELEMENT 5
-4137.561523 66.626907 -1688.518188
-0.566647 0.038538 0.823059	0.021853 0.999257 -0.031742	0.790920 0.000000 0.611920
6 1 1.000000 33.742947 0.250000 0.000000 200.000000 -1 -1 -1 -1 58 -1 0 65535 0 0
-4124.217773 66.626907 -1678.194214	-4150.905273 66.626907 -1698.842163
1 -0.566512 0.038543 0.823152	0 0.000000 0.000000 0.000000

CAMERA_ELEMENT 4
-4535.289063 74.078354 -1588.001953
1.000000 0.000000 0.000000	0.000000 1.000000 0.000000	0.000000 0.000000 1.000000
0 2.000000 1
1 1 12 0 0 3.000000 1 35.000000 0.600000
0.000000 0.000000 0.000000
c31
TRIGGER_ELEMENT 5
-4361.902344 88.739517 -1609.588135
-0.999391 0.000000 0.034900	0.000000 1.000000 0.000000	-0.034900 0.000000 -0.999391
6 1 1.000000 32.400002 0.250000 0.000000 200.000000 -1 -1 -1 -1 60 -1 0 0 0 0
-4362.467773 88.739517 -1625.778320	-4361.336914 88.739517 -1593.397949
1 -0.999391 0.000000 0.034908	0 0.000000 0.000000 0.000000
Replay Camera Trigger
CAMERA_ELEMENT 4
-4641.106445 75.514496 -1281.393921
-0.976419 0.113102 0.183883	0.042205 0.935348 -0.351201	-0.211717 -0.335159 -0.918066
0 0.000000 0
1 1 12 0 0 3.000000 1 35.000000 0.600000
0.000000 0.000000 0.000000
c32
CAMERA_ELEMENT 4
-4776.797363 53.477844 -1153.410767
1.000000 0.000000 0.000000	0.000000 1.000000 0.000000	0.000000 0.000000 1.000000
0 0.000000 1
1 1 12 1 0 3.000000 0 45.000000 0.600000
0.000000 0.000000 0.000000
c33
TRIGGER_ELEMENT 5
-4658.891602 45.446316 -1318.414795
-0.275637 0.000000 0.961262	0.000000 1.000000 0.000000	-0.961262 0.000000 -0.275637
6 1 1.000000 23.900000 0.250000 0.000000 200.000000 -1 -1 -1 -1 63 -1 0 65535 0 0
-4670.378906 45.446316 -1321.708618	-4647.404297 45.446316 -1315.120972
1 -0.275849 0.000000 0.961201	0 0.000000 0.000000 0.000000

CAMERA_ELEMENT 4
-4647.359375 48.743969 -1328.189819
1.000000 0.000000 0.000000	0.000000 1.000000 0.000000	0.000000 0.000000 1.000000
1 2.000000 1
1 1 12 1 2 3.000000 0 45.000000 0.600000
0.000000 0.000000 0.000000
c40
TRIGGER_ELEMENT 5
-4739.055176 46.445705 -1207.258301
-0.642787 0.000000 0.766045	0.000000 1.000000 0.000000	-0.766045 0.000000 -0.642787
6 1 1.000000 42.800003 0.250000 0.000000 200.000000 -1 -1 -1 -1 65 -1 0 65535 0 0
-4755.448730 46.445705 -1221.013916	-4722.661621 46.445705 -1193.502686
2 0.642691 0.000000 -0.766126	0 0.000000 0.000000 0.000000

CAMERA_ELEMENT 4
-4599.877930 80.882263 -1539.817383
-0.453239 -0.059527 -0.889399	-0.011823 0.998081 -0.060776	0.891310 -0.017030 -0.453073
0 0.000000 1
1 1 12 0 0 5.000000 1 37.500000 0.600000
0.000000 0.000000 0.000000
c41
TRIGGER_ELEMENT 5
-4658.443359 45.484020 -1320.252319
-0.173648 0.000000 0.984808	0.000000 1.000000 0.000000	-0.984808 0.000000 -0.173648
6 1 1.000000 26.600000 0.250000 0.000000 200.000000 -1 -1 -1 -1 67 -1 0 65535 0 0
-4671.541504 45.484020 -1322.561890	-4645.345215 45.484020 -1317.942749
2 0.173813 0.000000 -0.984779	0 0.000000 0.000000 0.000000

CAMERA_ELEMENT 4
-4338.881348 93.368179 -1602.912964
1.000000 0.000000 0.000000	0.000000 1.000000 0.000000	0.000000 0.000000 1.000000
0 0.000000 1
1 1 12 0 0 3.000000 1 25.000000 0.600000
0.000000 0.000000 0.000000
c42
TRIGGER_ELEMENT 5
-4455.442383 78.841736 -1594.565186
-0.990268 0.000000 0.139173	0.000000 1.000000 0.000000	-0.139173 0.000000 -0.990268
6 1 1.000000 28.400000 0.250000 0.000000 200.000000 -1 -1 -1 -1 69 -1 0 65535 0 0
-4457.418457 78.841736 -1608.626953	-4453.466309 78.841736 -1580.503418
2 0.990269 0.000000 -0.139165	0 0.000000 0.000000 0.000000

TRIGGER_ELEMENT 5
-4360.137695 88.810196 -1609.847412
1.000000 0.000000 0.000000	0.000000 1.000000 0.000000	0.000000 0.000000 1.000000
6 1 1.000000 30.299999 0.250000 0.000000 200.000000 -1 -1 -1 -1 58 -1 0 0 0 0
-4360.137695 88.810196 -1594.697388	-4360.137695 88.810196 -1624.997437
1 1.000000 0.000000 0.000000	0 0.000000 0.000000 0.000000
Replay Camera Trigger
TRIGGER_ELEMENT 5
-4154.591797 68.481689 -1633.063232
0.573576 0.000000 -0.819152	0.000000 1.000000 0.000000	0.819152 0.000000 0.573576
6 1 1.000000 34.400002 0.250000 0.000000 200.000000 -1 -1 -1 -1 56 -1 0 65535 0 0
-4140.502441 68.481689 -1623.197754	-4168.681152 68.481689 -1642.928711
1 0.573708 0.000000 -0.819060	0 0.000000 0.000000 0.000000

TRIGGER_ELEMENT 5
-4090.800049 49.040092 -1633.500366
-0.798635 0.000000 0.601815	0.000000 1.000000 0.000000	-0.601815 0.000000 -0.798635
6 1 1.000000 37.000004 0.250000 0.000000 200.000000 -1 -1 -1 -1 54 -1 0 65535 0 0
-4101.933594 49.040092 -1648.275146	-4079.666504 49.040092 -1618.725586
1 -0.798621 0.000000 0.601834	0 0.000000 0.000000 0.000000

TRIGGER_ELEMENT 5
-3971.262207 31.841095 -1642.357422
0.999848 0.000000 -0.017453	0.000000 1.000000 0.000000	0.017453 0.000000 0.999848
6 1 1.000000 38.900002 0.250000 0.000000 200.000000 -1 -1 -1 -1 52 -1 0 65535 0 0
-3970.922852 31.841095 -1622.910400	-3971.601563 31.841095 -1661.804443
1 0.999848 0.000000 -0.017458	0 0.000000 0.000000 0.000000

TRIGGER_ELEMENT 5
-3843.832764 42.299129 -1588.765137
0.848048 0.000000 0.529919	0.000000 1.000000 0.000000	-0.529919 0.000000 0.848048
6 1 1.000000 20.600000 0.250000 0.000000 200.000000 -1 -1 -1 -1 50 -1 0 65535 0 0
-3849.291016 42.299129 -1580.030273	-3838.374512 42.299129 -1597.500000
1 0.848081 0.000000 0.529867	0 0.000000 0.000000 0.000000

TRIGGER_ELEMENT 5
-3756.807373 26.762846 -1397.744873
0.258819 0.000000 0.965926	0.000000 1.000000 0.000000	-0.965926 0.000000 0.258819
6 1 1.000000 42.800003 0.250000 0.000000 200.000000 -1 -1 -1 -1 48 -1 0 65535 0 0
-3777.478271 26.762846 -1392.206177	-3736.136475 26.762846 -1403.283569
1 0.258787 0.000000 0.965934	0 0.000000 0.000000 0.000000

TRIGGER_ELEMENT 5
-3596.088135 20.006752 -1276.257324
1.000000 0.000000 0.000000	0.000000 1.000000 0.000000	0.000000 0.000000 1.000000
6 1 1.000000 38.099998 0.250000 0.000000 200.000000 -1 -1 -1 -1 46 -1 0 65535 0 0
-3596.088135 20.006752 -1257.207275	-3596.088135 20.006752 -1295.307373
1 1.000000 0.000000 0.000000	0 0.000000 0.000000 0.000000

TRIGGER_ELEMENT 5
-3238.732910 27.407318 -1148.095581
1.000000 0.000000 0.000000	0.000000 1.000000 0.000000	0.000000 0.000000 1.000000
6 1 1.000000 23.400000 0.250000 0.000000 200.000000 -1 -1 -1 -1 44 -1 0 0 0 0
-3238.732910 27.407318 -1136.395630	-3238.732910 27.407318 -1159.795532
1 1.000000 0.000000 0.000000	0 0.000000 0.000000 0.000000
Replay Camera Trigger
CAMERA_ELEMENT 4
-3154.556396 30.169910 -1395.930298
1.000000 0.000000 0.000000	0.000000 1.000000 0.000000	0.000000 0.000000 1.000000
0 0.000000 1
1 1 12 1 0 3.000000 0 45.000000 0.600000
0.000000 0.000000 0.000000
c43
TRIGGER_ELEMENT 5
-3152.448975 24.779364 -1191.353271
-0.544639 0.000000 0.838671	0.000000 1.000000 0.000000	-0.838671 0.000000 -0.544639
6 1 1.000000 37.200001 0.250000 0.000000 200.000000 -1 -1 -1 -1 79 -1 0 65535 0 0
-3168.048340 24.779364 -1201.483521	-3136.849609 24.779364 -1181.223022
2 0.544688 0.000000 -0.838639	0 0.000000 0.000000 0.000000

TRIGGER_ELEMENT 5
-3147.774170 24.502419 -1392.403687
-0.500000 0.000000 0.866026	0.000000 1.000000 0.000000	-0.866026 0.000000 -0.500000
6 1 1.000000 33.099998 0.250000 0.000000 200.000000 -1 -1 -1 -1 40 -1 0 0 0 0
-3162.106934 24.502419 -1400.678711	-3133.441406 24.502419 -1384.128662
2 0.500025 0.000000 -0.866011	0 0.000000 0.000000 0.000000
Replay Camera Trigger
TRIGGER_ELEMENT 5
-2984.716064 27.289518 -1546.799316
0.139173 0.000000 -0.990268	0.000000 1.000000 0.000000	0.990268 0.000000 0.139173
6 1 1.000000 28.500000 0.250000 0.000000 200.000000 -1 -1 -1 -1 38 -1 0 65535 0 0
-2970.604736 27.289518 -1544.816040	-2998.827393 27.289518 -1548.782593
1 0.139165 0.000000 -0.990269	0 0.000000 0.000000 0.000000

TRIGGER_ELEMENT 5
-2783.990723 49.254780 -1751.415039
-0.981627 0.000000 -0.190809	0.000000 1.000000 0.000000	0.190809 0.000000 -0.981627
6 1 1.000000 27.500000 0.250000 0.000000 200.000000 -1 -1 -1 -1 36 -1 0 65535 0 0
-2781.367188 49.254780 -1764.912354	-2786.614258 49.254780 -1737.917725
2 0.981632 0.000000 0.190785	0 0.000000 0.000000 0.000000

TRIGGER_ELEMENT 5
-2564.379395 53.177441 -1691.223022
0.956305 0.000000 0.292372	0.000000 1.000000 0.000000	-0.292372 0.000000 0.956305
6 1 1.000000 26.900002 0.250000 0.000000 200.000000 -1 -1 -1 -1 34 -1 0 65535 0 0
-2568.311768 53.177441 -1678.360718	-2560.447021 53.177441 -1704.085327
1 0.956308 0.000000 0.292361	0 0.000000 0.000000 0.000000

TRIGGER_ELEMENT 5
-2466.694580 41.484776 -1623.061035
0.342020 0.000000 0.939692	0.000000 1.000000 0.000000	-0.939692 0.000000 0.342020
6 1 1.000000 24.900000 0.250000 0.000000 200.000000 -1 -1 -1 -1 32 -1 0 65535 0 0
-2478.393799 41.484776 -1618.802856	-2454.995361 41.484776 -1627.319214
1 0.342037 0.000000 0.939687	0 0.000000 0.000000 0.000000

TRIGGER_ELEMENT 5
-2397.874268 20.925554 -1504.627441
0.529919 0.000000 0.848048	0.000000 1.000000 0.000000	-0.848048 0.000000 0.529919
6 1 1.000000 27.400000 0.250000 0.000000 200.000000 -1 -1 -1 -1 30 -1 0 65535 0 0
-2409.492432 20.925554 -1497.367554	-2386.256104 20.925554 -1511.887329
1 0.530010 0.000000 0.847991	0 0.000000 0.000000 0.000000

TRIGGER_ELEMENT 5
-2196.416992 21.062386 -1240.300415
0.987688 0.000000 0.156435	0.000000 1.000000 0.000000	-0.156435 0.000000 0.987688
6 1 1.000000 33.299999 0.250000 0.000000 200.000000 -1 -1 -1 -1 28 -1 0 65535 0 0
-2199.021729 21.062386 -1223.855469	-2193.812256 21.062386 -1256.745361
1 0.987682 0.000000 0.156477	0 0.000000 0.000000 0.000000

TRIGGER_ELEMENT 5
-2068.000000 20.767773 -1289.539917
0.515038 0.000000 -0.857167	0.000000 1.000000 0.000000	0.857167 0.000000 0.515038
6 1 1.000000 26.200001 0.250000 0.000000 200.000000 -1 -1 -1 -1 159 -1 0 0 0 0
-2056.770996 20.767773 -1282.792969	-2079.229004 20.767773 -1296.286865
1 0.515106 0.000000 -0.857127	0 0.000000 0.000000 0.000000
Replay Camera Trigger
TRIGGER_ELEMENT 5
-2013.488892 32.628498 -1632.474365
0.629320 0.000000 -0.777146	0.000000 1.000000 0.000000	0.777146 0.000000 0.629320
6 1 1.000000 32.400002 0.250000 0.000000 200.000000 -1 -1 -1 -1 24 -1 0 65535 0 0
-2000.899170 32.628498 -1622.279419	-2026.078613 32.628498 -1642.669312
1 0.629314 0.000000 -0.777151	0 0.000000 0.000000 0.000000

TRIGGER_ELEMENT 5
-1833.475830 49.211819 -1625.824341
0.945519 0.000000 0.325568	0.000000 1.000000 0.000000	-0.325568 0.000000 0.945519
6 1 1.000000 35.700001 0.250000 0.000000 200.000000 -1 -1 -1 -1 22 -1 0 65535 0 0
-1839.287231 49.211819 -1608.946777	-1827.664429 49.211819 -1642.701904
1 0.945525 0.000000 0.325550	0 0.000000 0.000000 0.000000

TRIGGER_ELEMENT 5
-1499.614136 55.770744 -1503.421997
-0.325568 0.000000 -0.945519	0.000000 1.000000 0.000000	0.945519 0.000000 -0.325568
6 1 1.000000 30.000000 0.250000 0.000000 200.000000 -1 -1 -1 -1 20 -1 0 0 0 0
-1485.431396 55.770744 -1508.305542	-1513.796875 55.770744 -1498.538452
2 0.325550 0.000000 0.945525	0 0.000000 0.000000 0.000000
Replay Camera Trigger
TRIGGER_ELEMENT 5
-1376.745239 66.938416 -1333.245972
-0.927184 0.000000 -0.374607	0.000000 1.000000 0.000000	0.374607 0.000000 -0.927184
6 1 1.000000 26.600000 0.250000 0.000000 200.000000 -1 -1 -1 -1 18 -1 0 65535 0 0
-1371.762939 66.938416 -1345.577515	-1381.727539 66.938416 -1320.914429
2 0.927166 0.000000 0.374651	0 0.000000 0.000000 0.000000

TRIGGER_ELEMENT 5
-1213.046143 81.030998 -1401.256470
0.819152 0.000000 -0.573576	0.000000 1.000000 0.000000	0.573576 0.000000 0.819152
6 1 1.000000 36.100002 0.250000 0.000000 200.000000 -1 -1 -1 -1 16 -1 0 65535 0 0
-1202.693115 81.030998 -1386.470825	-1223.399170 81.030998 -1416.042114
1 0.819117 0.000000 -0.573626	0 0.000000 0.000000 0.000000

TRIGGER_ELEMENT 5
-1099.641846 89.839798 -1317.571899
0.173648 0.000000 0.984808	0.000000 1.000000 0.000000	-0.984808 0.000000 0.173648
6 1 1.000000 29.300001 0.250000 0.000000 200.000000 -1 -1 -1 -1 14 -1 0 65535 0 0
-1114.069336 89.839798 -1315.027954	-1085.214355 89.839798 -1320.115845
1 0.173695 0.000000 0.984800	0 0.000000 0.000000 0.000000

CAMERA_ELEMENT 4
-1051.132568 111.878265 -1210.807007
1.000000 0.000000 0.000000	0.000000 1.000000 0.000000	0.000000 0.000000 1.000000
0 0.000000 1
1 1 11 1 0 6.000000 0 45.000000 0.950000
0.000000 0.000000 0.000000
c44
TRIGGER_ELEMENT 5
-1054.941528 107.658707 -1224.936523
0.939693 0.000000 0.342020	0.000000 1.000000 0.000000	-0.342020 0.000000 0.939693
6 1 1.000000 36.900005 0.250000 0.000000 200.000000 -1 -1 -1 -1 95 -1 0 65535 0 0
-1061.251831 107.658707 -1207.599243	-1048.631226 107.658707 -1242.273804
1 0.939687 0.000000 0.342037	0 0.000000 0.000000 0.000000

TRIGGER_ELEMENT 5
-811.644592 134.269440 -1259.359741
1.000000 0.000000 0.000000	0.000000 1.000000 0.000000	0.000000 0.000000 1.000000
6 1 1.000000 35.800003 0.250000 0.000000 200.000000 -1 -1 -1 -1 10 -1 0 65535 0 0
-811.644592 134.269440 -1241.459717	-811.644592 134.269440 -1277.259766
1 1.000000 0.000000 0.000000	0 0.000000 0.000000 0.000000

TRIGGER_ELEMENT 5
-607.018372 135.460815 -1371.168335
0.719340 0.000000 -0.694658	0.000000 1.000000 0.000000	0.694658 0.000000 0.719340
6 1 1.000000 35.900002 0.250000 0.000000 200.000000 -1 -1 -1 -1 8 -1 0 65535 0 0
-594.549255 135.460815 -1358.256226	-619.487488 135.460815 -1384.080444
1 0.719328 0.000000 -0.694671	0 0.000000 0.000000 0.000000

CAMERA_ELEMENT 4
-342.588440 145.800674 -1072.149780
1.000000 0.000000 0.000000	0.000000 1.000000 0.000000	0.000000 0.000000 1.000000
0 0.000000 1
1 1 8 0 0 3.000000 0 45.000000 0.600000
0.000000 0.000000 0.000000
c45
TRIGGER_ELEMENT 5
-349.634460 143.089127 -1074.336182
-0.573576 0.000000 0.819152	0.000000 1.000000 0.000000	-0.819152 0.000000 -0.573576
6 1 1.000000 32.799999 0.250000 0.000000 200.000000 -1 -1 -1 -1 99 -1 0 65535 0 0
-363.068542 143.089127 -1083.742798	-336.200378 143.089127 -1064.929565
1 -0.573606 0.000000 0.819132	0 0.000000 0.000000 0.000000

TRIGGER_ELEMENT 5
-545.177856 147.609955 -653.377930
-0.484809 0.000000 -0.874620	0.000000 1.000000 0.000000	0.874620 0.000000 -0.484809
6 1 1.000000 32.300003 0.250000 0.000000 200.000000 -1 -1 -1 -1 2 -1 0 65535 0 0
-531.052734 147.609955 -661.207581	-559.302979 147.609955 -645.548279
2 0.484798 0.000000 0.874626	0 0.000000 0.000000 0.000000

TRIGGER_ELEMENT 5
-303.319916 166.678482 -323.238495
0.615661 0.000000 0.788011	0.000000 1.000000 0.000000	-0.788011 0.000000 0.615661
6 1 1.000000 37.200005 0.250000 0.000000 200.000000 -1 -1 -1 -1 0 -1 0 65535 0 0
-317.976929 166.678482 -311.787201	-288.662903 166.678482 -334.689789
1 0.615655 0.000000 0.788016	0 0.000000 0.000000 0.000000

CAMERA_ELEMENT 4
-1258.789063 92.842842 -1373.378418
1.000000 0.000000 0.000000	0.000000 1.000000 0.000000	0.000000 0.000000 1.000000
0 0.000000 1
1 1 12 1 0 2.000000 0 45.000000 0.600000
0.000000 0.000000 0.000000
c60
TRIGGER_ELEMENT 5
-1127.337646 96.703407 -1269.196045
-0.838670 0.000000 -0.544639	0.000000 1.000000 0.000000	0.544639 0.000000 -0.838670
6 1 1.000000 19.700001 0.250000 0.000000 200.000000 -1 -1 -1 -1 103 -1 0 65535 0 0
-1121.972900 96.703407 -1277.456909	-1132.702393 96.703407 -1260.935181
1 -0.838639 0.000000 -0.544688	0 0.000000 0.000000 0.000000

CAMERA_ELEMENT 4
-1259.452393 92.939865 -1373.187012
1.000000 0.000000 0.000000	0.000000 1.000000 0.000000	0.000000 0.000000 1.000000
0 0.000000 1
1 1 8 0 0 2.000000 0 45.000000 1.000000
0.000000 0.000000 0.000000
c61
TRIGGER_ELEMENT 5
-1257.407593 90.544533 -1377.497803
-0.866025 0.000000 -0.500000	0.000000 1.000000 0.000000	0.500000 0.000000 -0.866025
6 1 1.000000 12.500000 0.250000 0.000000 200.000000 -1 -1 -1 -1 105 -1 0 65535 0 0
-1254.282593 90.544533 -1382.910400	-1260.532593 90.544533 -1372.085205
1 -0.866011 0.000000 -0.500025	0 0.000000 0.000000 0.000000

CAMERA_ELEMENT 4
-1519.056885 64.538177 -1537.687134
0.927672 -0.076604 -0.365452	0.108216 0.991882 0.066789	0.357370 -0.101505 0.928431
0 0.000000 1
1 1 12 0 0 3.000000 1 35.000000 0.600000
0.000000 0.000000 0.000000
c62
TRIGGER_ELEMENT 5
-1426.502808 63.849712 -1507.613037
1.000000 0.000000 0.000000	0.000000 1.000000 0.000000	0.000000 0.000000 1.000000
6 1 1.000000 13.500000 0.250000 0.000000 200.000000 -1 -1 -1 -1 107 -1 0 65535 0 0
-1426.502808 63.849712 -1500.863037	-1426.502808 63.849712 -1514.363037
2 -1.000000 0.000000 0.000000	0 0.000000 0.000000 0.000000

TRIGGER_ELEMENT 5
-1485.281616 55.822823 -1520.662964
0.965926 0.000000 0.258819	0.000000 1.000000 0.000000	-0.258819 0.000000 0.965926
6 1 1.000000 23.699999 0.250000 0.000000 200.000000 -1 -1 -1 -1 107 -1 0 65535 0 0
-1488.348633 55.822823 -1509.216797	-1482.214600 55.822823 -1532.109131
1 0.965934 0.000000 0.258787	0 0.000000 0.000000 0.000000

CAMERA_ELEMENT 4
-1424.750732 63.734825 -1502.357788
1.000000 0.000000 0.000000	0.000000 1.000000 0.000000	0.000000 0.000000 1.000000
0 0.000000 1
1 1 8 0 0 3.000000 0 45.000000 0.600000
0.000000 0.000000 0.000000
c64
TRIGGER_ELEMENT 5
-1425.788574 63.991409 -1506.660034
1.000000 0.000000 0.000000	0.000000 1.000000 0.000000	0.000000 0.000000 1.000000
6 1 1.000000 15.200000 0.250000 0.000000 200.000000 -1 -1 -1 -1 110 -1 0 65535 0 0
-1425.788574 63.991409 -1499.060059	-1425.788574 63.991409 -1514.260010
1 1.000000 0.000000 0.000000	0 0.000000 0.000000 0.000000

TRIGGER_ELEMENT 5
-1309.758057 86.952194 -1414.490601
-0.573576 0.000000 -0.819152	0.000000 1.000000 0.000000	0.819152 0.000000 -0.573576
6 1 1.000000 13.400000 0.250000 0.000000 200.000000 -1 -1 -1 -1 103 -1 0 65535 0 0
-1304.269775 86.952194 -1418.333618	-1315.246338 86.952194 -1410.647583
2 0.573626 0.000000 0.819117	0 0.000000 0.000000 0.000000

TRIGGER_ELEMENT 5
-1169.080811 94.392563 -1303.532593
0.788011 0.000000 0.615662	0.000000 1.000000 0.000000	-0.615662 0.000000 0.788011
6 1 1.000000 18.700001 0.250000 0.000000 200.000000 -1 -1 -1 -1 14 -1 0 65535 0 0
-1174.837280 94.392563 -1296.164673	-1163.324341 94.392563 -1310.900513
1 0.788023 0.000000 0.615646	0 0.000000 0.000000 0.000000

CAMERA_ELEMENT 4
-2071.301758 54.414616 -1819.383545
1.000000 0.000000 0.000000	0.000000 1.000000 0.000000	0.000000 0.000000 1.000000
0 0.000000 1
1 1 12 1 0 2.000000 0 45.000000 0.600000
0.000000 0.000000 0.000000
c65
TRIGGER_ELEMENT 5
-2011.103027 47.022461 -1798.034546
-0.754709 0.000000 -0.656059	0.000000 1.000000 0.000000	0.656059 0.000000 -0.754709
6 1 1.000000 28.799999 0.250000 0.000000 200.000000 -1 -1 -1 -1 114 -1 0 65535 0 0
-2001.655762 47.022461 -1808.902344	-2020.550293 47.022461 -1787.166748
1 -0.754758 0.000000 -0.656003	0 0.000000 0.000000 0.000000

CAMERA_ELEMENT 4
-2136.048096 65.153000 -1957.924438
1.000000 0.000000 0.000000	0.000000 1.000000 0.000000	0.000000 0.000000 1.000000
0 0.000000 1
1 1 12 1 0 4.000000 0 45.000000 0.600000
0.000000 0.000000 0.000000
c66
TRIGGER_ELEMENT 5
-2094.376953 53.551857 -1854.142944
0.642788 0.000000 0.766044	0.000000 1.000000 0.000000	-0.766044 0.000000 0.642788
6 1 1.000000 32.400002 0.250000 0.000000 200.000000 -1 -1 -1 -1 116 -1 0 65535 0 0
-2106.786865 53.551857 -1843.729736	-2081.967041 53.551857 -1864.556152
1 0.642834 0.000000 0.766005	0 0.000000 0.000000 0.000000

CAMERA_ELEMENT 4
-2249.850586 76.389145 -1950.399292
-0.212971 -0.262948 0.941011	-0.116375 0.963077 0.242775	-0.970103 -0.057806 -0.235708
0 0.000000 1
1 1 12 0 0 3.000000 1 35.000000 0.600000
0.000000 0.000000 0.000000
c67
TRIGGER_ELEMENT 5
-2209.256104 71.336807 -1971.179443
1.000000 0.000000 0.000000	0.000000 1.000000 0.000000	0.000000 0.000000 1.000000
6 1 1.000000 33.200001 0.250000 0.000000 200.000000 -1 -1 -1 -1 118 -1 0 65535 0 0
-2209.256104 71.336807 -1954.579468	-2209.256104 71.336807 -1987.779419
2 -1.000000 0.000000 0.000000	0 0.000000 0.000000 0.000000

CAMERA_ELEMENT 4
-2275.934570 79.757889 -1811.993530
1.000000 0.000000 0.000000	0.000000 1.000000 0.000000	0.000000 0.000000 1.000000
0 0.000000 1
1 1 12 1 0 3.000000 0 45.000000 0.600000
0.000000 0.000000 0.000000
c68
TRIGGER_ELEMENT 5
-2278.827148 71.843376 -1928.291504
-0.453990 0.000000 0.891007	0.000000 1.000000 0.000000	-0.891007 0.000000 -0.453990
6 1 1.000000 28.300001 0.250000 0.000000 200.000000 -1 -1 -1 -1 120 -1 0 65535 0 0
-2291.434814 71.843376 -1934.715454	-2266.219482 71.843376 -1921.867554
1 -0.454085 0.000000 0.890958	0 0.000000 0.000000 0.000000

TRIGGER_ELEMENT 5
-2341.352539 53.415424 -1636.600952
-0.898794 0.000000 0.438371	0.000000 1.000000 0.000000	-0.438371 0.000000 -0.898794
6 1 1.000000 26.100000 0.250000 0.000000 200.000000 -1 -1 -1 -1 34 -1 0 0 0 0
-2347.073242 53.415424 -1648.330200	-2335.631836 53.415424 -1624.871704
1 -0.898779 0.000000 0.438402	0 0.000000 0.000000 0.000000
Replay Camera Trigger
TRIGGER_ELEMENT 5
-2330.044434 54.295166 -1645.893921
0.766045 0.000000 -0.642788	0.000000 1.000000 0.000000	0.642788 0.000000 0.766045
6 1 1.000000 32.299999 0.250000 0.000000 200.000000 -1 -1 -1 -1 120 -1 0 0 0 0
-2319.663330 54.295166 -1633.522339	-2340.425537 54.295166 -1658.265503
1 0.766056 0.000000 -0.642774	0 0.000000 0.000000 0.000000
Replay Camera Trigger
TRIGGER_ELEMENT 5
-2284.027344 71.739670 -1909.882446
0.207912 0.000000 -0.978148	0.000000 1.000000 0.000000	0.978148 0.000000 0.207912
6 1 1.000000 27.400000 0.250000 0.000000 200.000000 -1 -1 -1 -1 118 -1 0 65535 0 0
-2270.626709 71.739670 -1907.034058	-2297.427979 71.739670 -1912.730835
1 0.208003 0.000000 -0.978128	0 0.000000 0.000000 0.000000

TRIGGER_ELEMENT 5
-2207.898682 71.255074 -1971.078735
1.000000 0.000000 0.000000	0.000000 1.000000 0.000000	0.000000 0.000000 1.000000
6 1 1.000000 32.299999 0.250000 0.000000 200.000000 -1 -1 -1 -1 116 -1 0 65535 0 0
-2207.898682 71.255074 -1954.928711	-2207.898682 71.255074 -1987.228760
1 1.000000 0.000000 0.000000	0 0.000000 0.000000 0.000000

TRIGGER_ELEMENT 5
-2116.723877 56.939053 -1901.107178
0.139173 0.000000 0.990268	0.000000 1.000000 0.000000	-0.990268 0.000000 0.139173
6 1 1.000000 29.600000 0.250000 0.000000 200.000000 -1 -1 -1 -1 114 -1 0 65535 0 0
-2131.379883 56.939053 -1899.047363	-2102.067871 56.939053 -1903.166992
1 0.139165 0.000000 0.990269	0 0.000000 0.000000 0.000000

TRIGGER_ELEMENT 5
-2009.220825 46.897022 -1797.261963
0.766044 0.000000 0.642788	0.000000 1.000000 0.000000	-0.642788 0.000000 0.766044
6 1 1.000000 27.000000 0.250000 0.000000 200.000000 -1 -1 -1 -1 24 -1 0 65535 0 0
-2017.898438 46.897022 -1786.920410	-2000.543213 46.897022 -1807.603516
1 0.766005 0.000000 0.642834	0 0.000000 0.000000 0.000000

CAMERA_ELEMENT 4
-2424.072754 58.181419 -1936.015991
-0.306424 -0.053500 -0.950391	-0.118767 0.992766 -0.017593	0.944457 0.107484 -0.310561
0 0.000000 1
1 1 12 0 0 3.000000 1 35.000000 0.600000
0.000000 0.000000 0.000000
c69
TRIGGER_ELEMENT 5
-2341.450439 65.667892 -1966.599365
1.000000 0.000000 0.000000	0.000000 1.000000 0.000000	0.000000 0.000000 1.000000
6 1 1.000000 30.200001 0.250000 0.000000 200.000000 -1 -1 -1 -1 128 -1 0 65535 0 0
-2341.450439 65.667892 -1951.499390	-2341.450439 65.667892 -1981.699341
2 -1.000000 0.000000 0.000000	0 0.000000 0.000000 0.000000

CAMERA_ELEMENT 4
-2456.143311 55.082188 -1812.768066
1.000000 0.000000 0.000000	0.000000 1.000000 0.000000	0.000000 0.000000 1.000000
0 0.000000 1
1 1 12 1 0 3.000000 0 45.000000 0.600000
0.000000 0.000000 0.000000
c70
TRIGGER_ELEMENT 5
-2429.894531 54.494301 -1911.006226
-0.422618 0.000000 0.906308	0.000000 1.000000 0.000000	-0.906308 0.000000 -0.422618
6 1 1.000000 20.500000 0.250000 0.000000 200.000000 -1 -1 -1 -1 130 -1 0 65535 0 0
