TRIGGER_ELEMENT 5
-4756.964844 47.165764 -1187.213135
0.629321 0.000000 -0.777146	0.000000 1.000000 0.000000	0.777146 0.000000 0.629321
1 1 10.000000 10.400000 0.250000 0.000000 200.000000 1 -1 -1 1 -1 -1 0 1 0 0
-4752.923828 47.165764 -1183.940674	-4761.005859 47.165764 -1190.485596
0 0.000000 0.000000 0.000000	0 0.000000 0.000000 0.000000
End
TRIGGER_ELEMENT 5
-4189.319336 75.213623 -1615.883179
0.992546 0.000000 -0.121869	0.000000 1.000000 0.000000	0.121869 0.000000 0.992546
2 0 1.000000 3.000000 0.250000 0.000000 200.000000 0 -1 -1 0 -1 -1 0 65535 0 0
-4189.136719 75.213623 -1614.394409	-4189.501953 75.213623 -1617.371948
0 0.000000 0.000000 0.000000	3 -0.992553 0.000000 0.121811
Start
GEOM_ELEMENT 5
-4757.067383 51.844189 -1187.022583
0.754765 -0.006241 0.655965	-0.017646 0.999400 0.029812	-0.655758 -0.034076 0.754202
0 827806273 0 0 -1 0 1 58.000000 58.000000 58.000000
Geometry Element
GEOM_ELEMENT 5
-4760.956543 47.173203 -1190.691772
0.999649 -0.023072 0.000553	0.023081 0.999446 -0.023955	0.000000 0.023959 0.999629
0 1162760003 0 0 -1 1 1 100.000000 100.000000 100.000000
Geometry Element
GEOM_ELEMENT 5
-4753.195801 47.153885 -1184.152222
0.999673 -0.022287 0.000516	0.022294 0.999484 -0.023138	0.000000 0.023142 0.999654
0 1162760003 0 0 -1 1 1 100.000000 100.000000 100.000000
Geometry Element
GEOM_ELEMENT 5
-4627.750000 55.899151 -1463.788208
0.999956 0.007997 0.001813	-0.008200 0.975210 0.221130	0.000000 -0.221135 0.975232
0 1162760003 0 0 -1 1 1 100.000000 100.000000 100.000000
Geometry Element
GEOM_ELEMENT 5
-4626.242676 55.703312 -1462.868652
0.999956 0.007997 0.001813	-0.008200 0.975210 0.221130	0.000000 -0.221135 0.975232
0 1162760003 0 0 -1 1 1 100.000000 100.000000 100.000000
Geometry Element
GEOM_ELEMENT 5
-4624.610352 55.744831 -1462.273682
0.994374 0.091680 0.010468	-0.092401 0.989294 0.112957	0.000000 -0.113289 0.992200
0 1162760003 0 0 -1 1 1 100.000000 100.000000 100.000000
Geometry Element
GEOM_ELEMENT 5
-4638.014160 51.636547 -1417.486328
0.999726 0.020246 0.002537	-0.020406 0.992034 0.124306	0.000000 -0.124323 0.992175
0 1162760003 0 0 -1 1 1 100.000000 100.000000 100.000000
Geometry Element
GEOM_ELEMENT 5
-4639.067383 51.729706 -1418.402710
0.999726 0.020246 0.002537	-0.020406 0.992034 0.124306	0.000000 -0.124323 0.992175
0 1162760003 0 0 -1 1 1 100.000000 100.000000 100.000000
Geometry Element
GEOM_ELEMENT 5
-4640.043457 51.796268 -1419.211182
0.998580 0.046112 0.005451	-0.046449 0.992014 0.117262	0.000000 -0.117348 0.992747
0 1162760003 0 0 -1 1 1 100.000000 100.000000 100.000000
Geometry Element
GEOM_ELEMENT 5
-4022.752930 30.825855 -1617.762085
-0.601718 0.021577 -0.798417	0.017925 0.999748 0.013510	0.798507 -0.006183 -0.601953
0 1464094277 1 0 -1 1 1 120.500000 120.500000 130.500000
Geometry Element
GEOM_ELEMENT 5
-4015.041260 30.449787 -1607.002808
-0.627481 0.042643 -0.777463	0.076408 0.997052 -0.006980	0.774874 -0.063784 -0.628890
0 1464094277 1 0 -1 1 1 115.000000 115.000000 125.000000
Geometry Element
GEOM_ELEMENT 5
-4833.727051 54.513371 -1155.432373
-0.171966 0.013898 0.985002	0.138818 0.990265 0.010263	-0.975270 0.138501 -0.172221
0 1464094277 1 0 -1 1 1 139.000000 139.000000 139.000000
Geometry Element
GEOM_ELEMENT 5
-4840.135254 55.290405 -1148.157593
-0.403186 0.040813 0.914207	0.131843 0.991173 0.013896	-0.905571 0.126135 -0.405008
0 1464094277 1 0 -1 1 1 100.000000 100.000000 100.000000
Geometry Element
GEOM_ELEMENT 5
-4837.591309 54.867680 -1139.952026
-0.172300 0.012471 0.984966	0.124381 0.992192 0.009196	-0.977160 0.124095 -0.172505
0 1464094277 1 0 -1 1 1 138.500000 138.500000 138.500000
Geometry Element
