TRIGGER_ELEMENT 5
-96.335098 166.446365 -203.672287
0.438371 0.000000 -0.898794	0.000000 1.000000 0.000000	0.898794 0.000000 0.438371
2 0 1.000000 3.000000 0.250000 0.000000 200.000000 0 -1 -1 0 -1 -1 0 65535 0 0
-94.986908 166.446365 -203.014725	-97.683289 166.446365 -204.329849
0 0.000000 0.000000 0.000000	2 -0.898795 0.000000 -0.438369

TRIGGER_ELEMENT 5
-980.584351 116.645416 -1208.592163
1.000000 0.000000 0.000000	0.000000 1.000000 0.000000	0.000000 0.000000 1.000000
0 1 1.000000 31.200001 0.250000 0.000000 200.000000 1 -1 -1 1 -1 2 0 0 0 0
-980.584351 116.645416 -1192.992188	-980.584351 116.645416 -1224.192139
0 0.000000 0.000000 0.000000	0 0.000000 0.000000 0.000000

GEOM_ELEMENT 5
-1085.712280 99.944199 -1262.510498
0.996238 0.074497 -0.012271	-0.075569 0.983882 -0.162064	0.000000 0.162381 0.985811
1 844583489 0 0 -1 1 1 74.000000 74.000000 74.000000
a1
TRIGGER_ELEMENT 5
-1419.738037 65.170319 -1507.548828
1.000000 0.000000 0.000000	0.000000 1.000000 0.000000	0.000000 0.000000 1.000000
0 1 1.000000 10.000000 0.250000 0.000000 200.000000 2 -1 -1 2 -1 4 0 0 0 0
-1419.738037 65.170319 -1502.548828	-1419.738037 65.170319 -1512.548828
0 0.000000 0.000000 0.000000	0 0.000000 0.000000 0.000000

GEOM_ELEMENT 5
-1516.586670 56.083820 -1524.186401
0.529888 -0.019329 0.847847	0.010909 0.999813 0.015975	-0.847997 0.000784 0.529999
1 844583489 0 0 -1 1 1 50.000000 50.000000 50.000000
a2
TRIGGER_ELEMENT 5
-2392.004150 20.114637 -1492.081055
0.438371 0.000000 0.898794	0.000000 1.000000 0.000000	-0.898794 0.000000 0.438371
0 1 1.000000 24.700001 0.250000 0.000000 200.000000 4 -1 -1 4 -1 6 0 0 0 0
-2403.104248 20.114637 -1486.667114	-2380.904053 20.114637 -1497.494995
0 0.000000 0.000000 0.000000	0 0.000000 0.000000 0.000000

GEOM_ELEMENT 5
-2490.399658 46.012920 -1657.164673
-0.988060 0.057191 0.143061	0.066741 0.995788 0.062869	-0.138863 0.071666 -0.987715
1 844583489 0 0 -1 1 1 58.000000 58.000000 58.000000
a3
TRIGGER_ELEMENT 5
-2277.247559 70.416725 -1838.707764
0.258819 0.000000 0.965926	0.000000 1.000000 0.000000	-0.965926 0.000000 0.258819
0 1 1.000000 19.799999 0.250000 0.000000 200.000000 5 -1 -1 5 -1 8 0 0 0 0
-2286.810303 70.416725 -1836.145508	-2267.684814 70.416725 -1841.270020
0 0.000000 0.000000 0.000000	0 0.000000 0.000000 0.000000

GEOM_ELEMENT 5
-2258.819580 72.403145 -1961.790649
-0.819127 -0.009759 0.573529	-0.007748 0.999952 0.005948	-0.573559 0.000428 -0.819164
1 844583489 0 0 -1 1 1 100.000000 100.000000 100.000000
a4
GEOM_ELEMENT 5
-1942.242676 37.346252 -1661.522461
-0.992829 -0.078273 -0.090351	-0.082128 0.995828 0.039765	0.086861 0.046901 -0.995116
1 844583489 0 0 -1 1 1 52.000000 52.000000 52.000000
a5
TRIGGER_ELEMENT 5
-2010.781982 47.027035 -1798.468628
0.906308 0.000000 0.422618	0.000000 1.000000 0.000000	-0.422618 0.000000 0.906308
0 1 1.000000 24.600000 0.250000 0.000000 200.000000 6 -1 -1 6 -1 9 0 0 0 0
-2015.980225 47.027035 -1787.321045	-2005.583740 47.027035 -1809.616211
0 0.000000 0.000000 0.000000	0 0.000000 0.000000 0.000000

GEOM_ELEMENT 5
-1505.513428 56.039024 -1528.059692
-0.374593 0.016126 -0.927049	0.008467 0.999867 0.013971	0.927151 -0.002616 -0.374680
1 844583489 0 0 -1 1 1 71.000000 71.000000 71.000000
a7
TRIGGER_ELEMENT 5
-1617.607544 57.369087 -1591.842896
0.951057 0.000000 0.309017	0.000000 1.000000 0.000000	-0.309017 0.000000 0.951057
0 1 1.000000 20.500000 0.250000 0.000000 200.000000 7 -1 -1 7 -1 11 0 0 0 0
-1620.775024 57.369087 -1582.094604	-1614.440063 57.369087 -1601.591187
0 0.000000 0.000000 0.000000	0 0.000000 0.000000 0.000000

GEOM_ELEMENT 5
-1095.535278 100.400024 -1254.636963
-0.437141 -0.161524 -0.884770	-0.074853 0.986862 -0.143179	0.896272 0.003638 -0.443489
1 844583489 0 0 -1 1 1 79.000000 79.000000 79.000000
a8
TRIGGER_ELEMENT 5
-1150.125732 83.949791 -1414.585815
0.978148 0.000000 0.207912	0.000000 1.000000 0.000000	-0.207912 0.000000 0.978148
0 1 1.000000 27.400000 0.250000 0.000000 200.000000 8 -1 -1 8 -1 13 0 0 0 0
-1152.974121 83.949791 -1401.185181	-1147.277344 83.949791 -1427.986450
0 0.000000 0.000000 0.000000	0 0.000000 0.000000 0.000000

GEOM_ELEMENT 5
-140.149460 167.925232 -234.703751
0.788008 0.000027 -0.615665	-0.002816 0.999990 -0.003560	0.615659 0.004539 0.788000
1 827806273 0 0 -1 0 1 48.000000 48.000000 48.000000
af
TRIGGER_ELEMENT 5
-138.070862 165.139877 -237.817230
1.000000 0.000000 0.000000	0.000000 1.000000 0.000000	0.000000 0.000000 1.000000
1 0 14.000000 3.000000 0.250000 0.000000 200.000000 10 -1 -1 10 -1 -1 0 1 0 0
-138.070862 165.139877 -236.317230	-138.070862 165.139877 -239.317230
0 0.000000 0.000000 0.000000	0 0.000000 0.000000 0.000000
End
TRIGGER_ELEMENT 5
-259.742676 166.069977 -303.259064
0.978148 0.000000 0.207912	0.000000 1.000000 0.000000	-0.207912 0.000000 0.978148
0 1 1.000000 28.900002 0.250000 0.000000 200.000000 9 -1 -1 9 -1 15 0 0 0 0
-262.747009 166.069977 -289.124817	-256.738342 166.069977 -317.393311
0 0.000000 0.000000 0.000000	0 0.000000 0.000000 0.000000

GEOM_ELEMENT 5
-1943.640137 37.789257 -1676.245361
0.998919 0.040485 0.001569	-0.040526 0.998429 0.038690	0.000000 -0.038712 0.998990
1 844583489 0 0 -1 1 1 72.000000 72.000000 72.000000
a3a
TRIGGER_ELEMENT 5
-1679.869751 60.623421 -1608.734985
0.956305 0.000000 0.292372	0.000000 1.000000 0.000000	-0.292372 0.000000 0.956305
0 1 1.000000 23.000000 0.250000 0.000000 200.000000 3 -1 -1 3 -1 18 0 0 0 0
-1683.232056 60.623421 -1597.737427	-1676.507446 60.623421 -1619.732544
0 0.000000 0.000000 0.000000	0 0.000000 0.000000 0.000000

GEOM_ELEMENT 5
-3303.701416 34.027493 -1172.742798
0.529912 -0.002364 -0.848049	0.005209 0.999986 0.000467	0.848036 -0.004665 0.529917
0 1464094277 1 0 -1 1 1 129.500000 129.500000 129.500000
Geometry Element
GEOM_ELEMENT 5
-71.338058 167.815079 -203.986465
0.499016 -0.006469 -0.866569	-0.062716 0.997080 -0.043558	0.864320 0.076084 0.497153
0 1464094277 1 0 -1 1 1 100.000000 100.000000 100.000000
Geometry Element
GEOM_ELEMENT 5
-78.232101 167.694931 -195.974258
0.543532 0.001185 -0.839387	-0.063729 0.997171 -0.039859	0.836966 0.075158 0.542070
0 1464094277 1 0 -1 1 1 100.000000 100.000000 100.000000
Geometry Element
GEOM_ELEMENT 5
-84.318512 167.702087 -185.939957
0.528672 -0.000153 -0.848826	-0.068561 0.996725 -0.042881	0.846052 0.080866 0.526930
0 1464094277 0 0 -1 1 1 100.000000 100.000000 100.000000
Geometry Element
