TRIGGER_ELEMENT 5
-4667.859375 45.259930 -1303.633423
-0.563000 -0.002211 0.826454	-0.001245 0.999998 0.001827	0.827582 0.000000 0.561345
2 1 1.000000 21.942106 0.250000 0.000000 200.000000 -1 -1 -1 -1 -1 -1 0 65535 0 0
-4658.779785 45.259930 -1297.474854	-4676.938965 45.259930 -1309.791992
0 0.000000 0.000000 0.000000	0 0.000000 0.000000 0.000000

TRIGGER_ELEMENT 5
-402.064209 170.666245 -528.815308
-0.531277 -0.039381 -0.846282	-0.020939 0.999224 -0.033354	-0.853725 0.000000 0.520724
1 1 1.000000 23.389372 0.250000 0.000000 200.000000 -1 -1 -1 -1 -1 -1 0 65535 0 0
-412.048248 170.666245 -522.725586	-392.080170 170.666245 -534.905029
0 0.000000 0.000000 0.000000	0 0.000000 0.000000 0.000000

GEOM_ELEMENT 5
-401.575684 170.524597 -533.447021
0.856981 0.001273 -0.515346	-0.020845 0.999264 -0.032196	0.514926 0.038334 0.856377
0 1213419078 0 0 -1 1 1 100.000000 100.000000 100.000000
Geometry Element
GEOM_ELEMENT 5
-406.720886 170.520950 -530.287598
0.856971 0.001306 -0.515363	-0.021405 0.999224 -0.033061	0.514920 0.039363 0.856334
0 1213419078 0 0 -1 1 1 100.000000 100.000000 100.000000
Geometry Element
GEOM_ELEMENT 5
-411.905792 170.518936 -527.048401
0.847843 0.000646 -0.530247	-0.022005 0.999181 -0.033967	0.529791 0.040467 0.847162
0 1213419078 0 0 -1 1 1 100.000000 100.000000 100.000000
Geometry Element
