TRIGGER_ELEMENT 5
-138.110794 -15.245240 651.419006
-0.342020 0.000000 -0.939693	0.000000 1.000000 0.000000	0.939693 0.000000 -0.342020
2 0 1.000000 3.000000 0.250000 0.000000 200.000000 0 -1 -1 0 -1 -1 0 0 0 0
-136.701248 -15.245240 650.906006	-139.520340 -15.245240 651.932007
0 0.000000 0.000000 0.000000	1 -0.342024 0.000000 -0.939691

TRIGGER_ELEMENT 5
-125.047447 17.032711 -6775.700195
-0.866025 0.000000 0.500000	0.000000 1.000000 0.000000	-0.500000 0.000000 -0.866025
1 1 1.000000 45.000000 0.250000 0.000000 200.000000 1 -1 -1 1 -1 -1 0 0 0 0
-136.297455 17.032711 -6795.185547	-113.797447 17.032711 -6756.214844
0 0.000000 0.000000 0.000000	0 0.000000 0.000000 0.000000

GEOM_ELEMENT 5
-131.136765 16.268480 -6765.445801
0.952153 0.095222 -0.290404	-0.093064 0.995433 0.021268	0.291102 0.006776 0.956666
0 1213419078 0 0 -1 1 1 100.000000 100.000000 100.000000
Geometry Element
GEOM_ELEMENT 5
-132.717529 16.242989 -6771.173340
0.952115 0.095520 -0.290388	-0.093356 0.995404 0.021334	0.291091 0.006797 0.956657
0 1213419078 0 0 -1 1 1 100.000000 100.000000 100.000000
Geometry Element
GEOM_ELEMENT 5
-134.289917 16.217943 -6776.885254
0.952129 0.095515 -0.290392	-0.093350 0.995405 0.021333	0.291095 0.006796 0.956670
0 1213419078 0 0 -1 1 1 100.000000 100.000000 100.000000
Geometry Element
GEOM_ELEMENT 5
-136.123993 16.157745 -6782.604980
0.952085 0.094652 -0.290815	-0.093829 0.995446 0.016809	0.291081 0.011283 0.956630
0 1213419078 0 0 -1 1 1 100.000000 100.000000 100.000000
Geometry Element
