TRIGGER_ELEMENT 5
-144.187500 -12.725548 631.506287
0.309017 0.000000 0.951057	0.000000 1.000000 0.000000	-0.951057 0.000000 0.309017
1 1 1.000000 32.200001 0.250000 0.000000 200.000000 1 -1 -1 1 -1 -1 0 0 0 0
-159.499512 -12.725548 636.481445	-128.875488 -12.725548 626.531128
0 0.000000 0.000000 0.000000	0 0.000000 0.000000 0.000000

TRIGGER_ELEMENT 5
-93.353012 19.611971 -6780.954102
-0.292372 0.000000 -0.956305	0.000000 1.000000 0.000000	0.956305 0.000000 -0.292372
2 0 1.000000 3.000000 0.250000 0.000000 200.000000 0 -1 -1 0 -1 -1 0 0 0 0
-91.918556 19.611971 -6781.392578	-94.787468 19.611971 -6780.515625
0 0.000000 0.000000 0.000000	2 -0.956275 0.000000 0.292471
new start
GEOM_ELEMENT 5
-145.559143 -12.261529 627.484497
0.950699 0.007592 -0.310021	0.027399 0.993735 0.108355	0.308901 -0.111507 0.944535
0 1213419078 0 0 -1 1 1 100.000000 100.000000 100.000000
Geometry Element
GEOM_ELEMENT 5
-151.114105 -12.323044 629.482483
0.950662 0.004192 -0.310199	0.028785 0.994403 0.101656	0.308889 -0.105570 0.945221
0 1213419078 0 0 -1 1 1 100.000000 100.000000 100.000000
Geometry Element
