TRIGGER_ELEMENT 5
14.326323 13.988148 -7024.426270
-0.034899 0.000000 -0.999391	0.000000 1.000000 0.000000	0.999391 0.000000 -0.034899
2 0 1.000000 3.000000 0.250000 0.000000 200.000000 0 -1 -1 0 -1 1 0 0 0 0
15.825409 13.988148 -7024.478516	12.827236 13.988148 -7024.374023
0 0.000000 0.000000 0.000000	3 0.034895 0.000000 0.999391
Start
GEOM_ELEMENT 5
-591.989929 69.986473 -3702.328857
0.882123 0.106975 -0.458710	-0.159435 0.984195 -0.077078	0.443214 0.141127 0.885237
1 827806273 0 0 -1 0 1 81.000000 81.000000 81.000000
af
TRIGGER_ELEMENT 5
-596.176514 64.835701 -3709.103516
0.469472 0.000000 0.882948	0.000000 1.000000 0.000000	-0.882948 0.000000 0.469472
1 1 1.000000 45.600002 0.250000 0.000000 200.000000 1 -1 -1 1 -1 -1 0 1 0 0
-616.307739 64.835701 -3698.399658	-576.045288 64.835701 -3719.807373
0 0.000000 0.000000 0.000000	0 0.000000 0.000000 0.000000

GEOM_ELEMENT 5
7.611086 12.900832 -7037.641113
-0.998610 -0.010294 -0.051685	-0.006194 0.996865 -0.078875	0.052335 -0.078446 -0.995544
0 1464094277 0 0 -1 1 1 100.000000 100.000000 100.000000
Geometry Element
GEOM_ELEMENT 5
19.363573 12.867079 -7038.990723
-0.999371 -0.008924 -0.034302	-0.006194 0.996865 -0.078875	0.034898 -0.078613 -0.996294
0 1464094277 0 0 -1 1 1 100.000000 100.000000 100.000000
Geometry Element
GEOM_ELEMENT 5
10.668138 39.712044 -186.529785
-0.950779 0.000857 0.309868	0.024151 0.997159 0.071344	-0.308927 0.075316 -0.948099
0 1464094277 0 0 -1 1 1 100.000000 100.000000 100.000000
Geometry Element
