TRIGGER_ELEMENT 5
-343.195160 32.676628 -4850.748047
-0.913546 0.000000 -0.406736	0.000000 1.000000 0.000000	0.406736 0.000000 -0.913546
2 0 1.000000 3.000000 0.250000 0.000000 200.000000 0 -1 -1 0 -1 1 0 0 0 0
-342.585052 32.676628 -4852.118164	-343.805267 32.676628 -4849.377930
0 0.000000 0.000000 0.000000	2 -0.406727 0.000000 0.913550

GEOM_ELEMENT 5
-557.150635 66.908081 -3677.204102
0.913468 0.000304 -0.406910	0.010566 0.999645 0.024467	0.406773 -0.026649 0.913141
1 827806273 0 0 -1 0 1 52.500000 52.500000 52.500000
a0
GEOM_ELEMENT 5
-596.182678 44.215958 -3412.288330
-0.707107 0.000000 -0.707107	0.000000 1.000000 0.000000	0.707107 0.000000 -0.707107
1 844583489 0 0 -1 1 1 67.000000 67.000000 67.000000
a1
GEOM_ELEMENT 5
-387.829742 38.179516 -3307.483887
-0.173293 -0.028623 -0.984454	-0.063945 0.997795 -0.017755	0.982792 0.059874 -0.174741
1 844583489 0 0 -1 1 1 82.000000 82.000000 82.000000
a2
GEOM_ELEMENT 5
-414.351746 60.190639 -3008.731201
0.999918 -0.011100 0.000793	0.011129 0.997393 -0.071291	0.000000 0.071294 0.997436
1 827806273 0 0 -1 0 1 27.000000 27.000000 27.000000
a3
GEOM_ELEMENT 5
-284.823975 63.027706 -2641.418701
0.707107 0.000000 -0.707107	0.000000 1.000000 0.000000	0.707107 0.000000 0.707107
1 844583489 0 0 -1 1 1 61.000000 61.000000 61.000000
a4
GEOM_ELEMENT 5
-475.713196 74.220192 -2428.591064
0.999987 0.004392 0.000087	-0.004392 0.999795 0.019755	0.000000 -0.019755 0.999802
1 844583489 0 0 -1 1 1 65.000000 65.000000 65.000000
a5
GEOM_ELEMENT 5
-591.540100 66.902328 -2216.388916
0.951056 0.000000 -0.309017	0.000000 1.000000 0.000000	0.309017 0.000000 0.951056
1 827806273 0 0 -1 0 1 24.000000 24.000000 24.000000
a6
GEOM_ELEMENT 5
-839.760559 63.356953 -1828.484619
-0.573568 0.025078 -0.818774	0.005392 0.999625 0.026840	0.819140 0.010980 -0.573489
1 844583489 0 0 -1 1 1 60.000000 60.000000 60.000000
a7
GEOM_ELEMENT 5
-759.910706 89.085121 -1224.154175
0.833824 -0.139615 -0.534049	0.107183 0.990023 -0.091470	0.541492 0.019029 0.840469
1 827806273 0 0 -1 0 1 26.000000 26.000000 26.000000
a8
GEOM_ELEMENT 5
-334.179779 71.652695 -1054.864990
0.087139 -0.010687 0.996139	0.019786 0.999764 0.008995	-0.996000 0.018926 0.087330
1 844583489 0 0 -1 1 1 70.000000 70.000000 70.000000
a9
GEOM_ELEMENT 5
-413.337555 58.599735 -1242.612915
0.999887 -0.012964 0.001965	0.013113 0.988620 -0.149864	0.000000 0.149873 0.988678
1 827806273 0 0 -1 0 1 42.000000 42.000000 42.000000
a10
GEOM_ELEMENT 5
-459.324615 64.330032 -1958.674561
0.818239 0.006728 0.574839	-0.047209 0.997340 0.055526	-0.572937 -0.072571 0.816380
1 827806273 0 0 -1 0 1 61.000000 61.000000 61.000000
a11
GEOM_ELEMENT 5
-277.712524 63.027702 -2652.058105
-0.874620 0.000000 -0.484809	-0.000001 1.000000 0.000001	0.484809 0.000001 -0.874620
1 844583489 0 0 -1 1 1 63.000000 63.000000 63.000000
a12
GEOM_ELEMENT 5
-137.357681 63.657635 -2476.433838
0.984760 0.004772 -0.173850	0.009797 0.996514 0.082848	0.173640 -0.083288 0.981281
1 827806273 0 0 -1 0 1 31.000000 31.000000 31.000000
a13
GEOM_ELEMENT 5
46.209427 53.771534 -1998.978638
0.999923 0.010830 0.000209	-0.010832 0.999755 0.019316	0.000000 -0.019317 0.999795
1 844583489 0 0 -1 1 1 76.000000 76.000000 76.000000
a14
GEOM_ELEMENT 5
-105.541252 48.490967 -1643.432983
0.999946 0.000793 -0.000004	-0.000793 0.999958 -0.005477	0.000000 0.005477 0.999958
1 827806273 0 0 -1 0 1 49.000000 49.000000 49.000000
a15
GEOM_ELEMENT 5
24.376822 56.164574 -1444.979736
-0.529918 0.006595 0.848023	0.001919 0.999976 -0.006577	-0.848047 -0.001858 -0.529918
1 844583489 0 0 -1 1 1 58.000000 58.000000 58.000000
a16
GEOM_ELEMENT 5
39.499973 47.204716 -1714.051147
0.999998 0.001894 -0.000050	-0.001894 0.999652 -0.026303	0.000000 0.026303 0.999654
1 827806273 0 0 -1 0 1 28.000000 28.000000 28.000000
a17
GEOM_ELEMENT 5
30.169064 53.799122 -2016.963989
-0.681844 -0.026955 0.731001	-0.021286 0.999629 0.017007	-0.731188 -0.003964 -0.682164
1 844583489 0 0 -1 1 1 73.000000 73.000000 73.000000
a18
GEOM_ELEMENT 5
266.077423 66.502930 -2373.457520
0.890629 0.000349 -0.454730	-0.029092 0.997995 -0.056214	0.453798 0.063295 0.888853
1 827806273 0 0 -1 0 1 58.000000 58.000000 58.000000
a19
GEOM_ELEMENT 5
-97.852654 50.025234 -3037.204834
0.069756 0.014136 0.997464	-0.002592 0.999899 -0.013989	-0.997561 -0.001609 0.069786
1 844583489 0 0 -1 1 1 66.000000 66.000000 66.000000
a20
GEOM_ELEMENT 5
-251.057800 58.815815 -3244.840332
0.420916 -0.001660 -0.907098	-0.089657 0.995025 -0.043424	0.902658 0.099606 0.418674
1 827806273 0 0 -1 0 1 60.000000 60.000000 60.000000
a21
GEOM_ELEMENT 5
-603.958069 44.215973 -3424.711426
-0.309017 -0.000001 0.951056	0.000002 1.000000 0.000001	-0.951056 0.000003 -0.309017
1 844583489 0 0 -1 1 1 78.000000 78.000000 78.000000
a22
GEOM_ELEMENT 5
-321.524841 28.816034 -4913.662598
0.954766 -0.049944 0.293132	0.025823 0.995996 0.085588	-0.296233 -0.074146 0.952233
1 827806273 0 0 -1 0 1 73.000000 73.000000 73.000000
af
GEOM_ELEMENT 5
-610.766418 70.066467 -3745.201660
0.838609 0.002638 -0.544728	0.012139 0.999649 0.023529	0.544599 -0.026344 0.838283
1 827806273 0 0 -1 0 1 61.000000 61.000000 61.000000
a23
GEOM_ELEMENT 5
-557.152832 62.707977 -3676.963623
0.999108 -0.036687 -0.002920	0.036810 0.996172 0.079284	0.000000 -0.079320 0.996634
0 1162760003 0 0 -1 1 1 100.000000 100.000000 100.000000
Geometry Element
TRIGGER_ELEMENT 5
-557.192871 62.710697 -3676.979248
1.000000 0.000000 0.000000	0.000000 1.000000 0.000000	0.000000 0.000000 1.000000
0 0 2.500000 3.000000 0.250000 0.000000 200.000000 1 -1 -1 1 -1 2 0 1 0 0
-557.192871 62.710697 -3675.479248	-557.192871 62.710697 -3678.479248
0 0.000000 0.000000 0.000000	0 0.000000 0.000000 0.000000

TRIGGER_ELEMENT 5
-571.532837 43.721867 -3406.892578
0.848048 0.000000 0.529919	0.000000 1.000000 0.000000	-0.529919 0.000000 0.848048
0 1 1.000000 25.000000 0.250000 0.000000 200.000000 2 -1 -1 2 -1 3 0 0 0 0
-578.156799 43.721867 -3396.291992	-564.908875 43.721867 -3417.493164
0 0.000000 0.000000 0.000000	0 0.000000 0.000000 0.000000

TRIGGER_ELEMENT 5
-351.196136 53.766476 -3081.911133
0.719340 0.000000 -0.694658	0.000000 1.000000 0.000000	0.694658 0.000000 0.719340
0 1 1.000000 14.600000 0.250000 0.000000 200.000000 3 -1 -1 3 -1 4 0 0 0 0
-346.125122 53.766476 -3076.659912	-356.267151 53.766476 -3087.162354
0 0.000000 0.000000 0.000000	0 0.000000 0.000000 0.000000

TRIGGER_ELEMENT 5
-414.450714 58.737827 -3007.456055
1.000000 0.000000 0.000000	0.000000 1.000000 0.000000	0.000000 0.000000 1.000000
0 0 2.500000 3.000000 0.250000 0.000000 200.000000 4 -1 -1 4 -1 5 0 1 0 0
-414.450714 58.737827 -3005.956055	-414.450714 58.737827 -3008.956055
0 0.000000 0.000000 0.000000	0 0.000000 0.000000 0.000000

TRIGGER_ELEMENT 5
-308.328766 63.027702 -2616.287842
0.743145 0.000000 -0.669131	0.000000 1.000000 0.000000	0.669131 0.000000 0.743145
0 1 1.000000 24.400002 0.250000 0.000000 200.000000 5 -1 -1 5 -1 6 0 0 0 0
-300.165375 63.027702 -2607.221436	-316.492157 63.027702 -2625.354248
0 0.000000 0.000000 0.000000	0 0.000000 0.000000 0.000000

TRIGGER_ELEMENT 5
-520.681274 73.335785 -2403.994873
0.848048 0.000000 -0.529919	0.000000 1.000000 0.000000	0.529919 0.000000 0.848048
0 1 1.000000 12.000000 0.250000 0.000000 200.000000 6 -1 -1 6 -1 7 0 0 0 0
-517.501770 73.335785 -2398.906494	-523.860779 73.335785 -2409.083252
0 0.000000 0.000000 0.000000	0 0.000000 0.000000 0.000000

TRIGGER_ELEMENT 5
-591.365356 65.106941 -2216.545166
1.000000 0.000000 0.000000	0.000000 1.000000 0.000000	0.000000 0.000000 1.000000
0 0 2.500000 3.000000 0.250000 0.000000 200.000000 7 -1 -1 7 -1 8 0 1 0 0
-591.365356 65.106941 -2215.045166	-591.365356 65.106941 -2218.045166
0 0.000000 0.000000 0.000000	0 0.000000 0.000000 0.000000

TRIGGER_ELEMENT 5
-827.354919 63.002083 -1788.342651
0.258819 0.000000 0.965926	0.000000 1.000000 0.000000	-0.965926 0.000000 0.258819
0 1 1.000000 28.000000 0.250000 0.000000 200.000000 8 -1 -1 8 -1 9 0 0 0 0
-840.877869 63.002083 -1784.719238	-813.831970 63.002083 -1791.966064
0 0.000000 0.000000 0.000000	0 0.000000 0.000000 0.000000

GEOM_ELEMENT 5
-759.330139 87.385544 -1223.705200
0.992427 -0.106534 0.009843	0.107183 0.990023 -0.091470	0.000000 0.091832 0.993944
0 1162760003 0 0 -1 1 1 100.000000 100.000000 100.000000
Geometry Element
TRIGGER_ELEMENT 5
-759.717407 87.421402 -1223.770874
1.000000 0.000000 0.000000	0.000000 1.000000 0.000000	0.000000 0.000000 1.000000
0 0 2.500000 3.000000 0.250000 0.000000 200.000000 9 -1 -1 9 -1 10 0 1 0 0
-759.717407 87.421402 -1222.270874	-759.717407 87.421402 -1225.270874
0 0.000000 0.000000 0.000000	0 0.000000 0.000000 0.000000

TRIGGER_ELEMENT 5
-365.627899 72.513405 -1101.584595
0.500000 0.000000 0.866025	0.000000 1.000000 0.000000	-0.866025 0.000000 0.500000
0 1 1.000000 33.200001 0.250000 0.000000 200.000000 10 -1 -1 10 -1 11 0 0 0 0
-380.003906 72.513405 -1093.284546	-351.251892 72.513405 -1109.884644
0 0.000000 0.000000 0.000000	0 0.000000 0.000000 0.000000

GEOM_ELEMENT 5
-413.262268 54.632290 -1242.330200
0.999887 -0.012964 0.001965	0.013113 0.988620 -0.149864	0.000000 0.149873 0.988678
0 1162760003 0 0 -1 1 1 100.000000 100.000000 100.000000
Geometry Element
TRIGGER_ELEMENT 5
-413.768616 54.600647 -1242.583618
1.000000 0.000000 0.000000	0.000000 1.000000 0.000000	0.000000 0.000000 1.000000
0 0 2.500000 3.000000 0.250000 0.000000 200.000000 11 -1 -1 11 -1 12 0 1 0 0
-413.768616 54.600647 -1241.083618	-413.768616 54.600647 -1244.083618
0 0.000000 0.000000 0.000000	0 0.000000 0.000000 0.000000

GEOM_ELEMENT 5
-460.684357 60.316780 -1956.664307
0.997979 0.055260 0.003614	-0.055405 0.996335 0.065166	0.000000 -0.065234 0.997383
0 1162760003 0 0 -1 1 1 100.000000 100.000000 100.000000
Geometry Element
TRIGGER_ELEMENT 5
-460.723480 60.315052 -1956.671143
1.000000 0.000000 0.000000	0.000000 1.000000 0.000000	0.000000 0.000000 1.000000
0 0 1.500000 3.000000 0.250000 0.000000 200.000000 12 -1 -1 12 -1 13 0 1 0 0
-460.723480 60.315052 -1955.171143	-460.723480 60.315052 -1958.171143
0 0.000000 0.000000 0.000000	0 0.000000 0.000000 0.000000
Waypoint Tigger
TRIGGER_ELEMENT 5
-256.410980 62.997673 -2617.805176
0.719340 0.000000 0.694658	0.000000 1.000000 0.000000	-0.694658 0.000000 0.719340
0 1 1.000000 15.000000 0.250000 0.000000 200.000000 13 -1 -1 13 -1 14 0 0 0 0
-261.620911 62.997673 -2612.410156	-251.201050 62.997673 -2623.200195
0 0.000000 0.000000 0.000000	0 0.000000 0.000000 0.000000

GEOM_ELEMENT 5
-137.176605 61.343903 -2476.186523
0.999944 -0.009164 -0.000763	0.009196 0.996514 0.082918	0.000000 -0.082921 0.996543
0 1162760003 0 0 -1 1 1 100.000000 100.000000 100.000000
Geometry Element
TRIGGER_ELEMENT 5
-137.088043 61.334591 -2476.084473
1.000000 0.000000 0.000000	0.000000 1.000000 0.000000	0.000000 0.000000 1.000000
0 0 2.500000 3.000000 0.250000 0.000000 200.000000 14 -1 -1 14 -1 15 0 1 0 0
-137.088043 61.334591 -2474.584473	-137.088043 61.334591 -2477.584473
0 0.000000 0.000000 0.000000	0 0.000000 0.000000 0.000000

TRIGGER_ELEMENT 5
3.944579 53.139587 -1973.247925
0.766044 0.000000 -0.642788	0.000000 1.000000 0.000000	0.642788 0.000000 0.766044
0 1 1.000000 24.100000 0.250000 0.000000 200.000000 15 -1 -1 15 -1 16 0 0 0 0
11.690174 53.139587 -1964.017090	-3.801017 53.139587 -1982.478760
0 0.000000 0.000000 0.000000	0 0.000000 0.000000 0.000000

GEOM_ELEMENT 5
-105.633423 44.888554 -1643.637329
0.999946 0.000793 -0.000004	-0.000793 0.999958 -0.005477	0.000000 0.005477 0.999958
0 1162760003 0 0 -1 1 1 100.000000 100.000000 100.000000
Geometry Element
TRIGGER_ELEMENT 5
-105.621422 44.886559 -1644.003540
1.000000 0.000000 0.000000	0.000000 1.000000 0.000000	0.000000 0.000000 1.000000
0 0 2.500000 3.000000 0.250000 0.000000 200.000000 16 -1 -1 16 -1 17 0 1 0 0
-105.621422 44.886559 -1642.503540	-105.621422 44.886559 -1645.503540
0 0.000000 0.000000 0.000000	0 0.000000 0.000000 0.000000

TRIGGER_ELEMENT 5
36.272209 55.990330 -1490.982788
0.258819 0.000000 -0.965926	0.000000 1.000000 0.000000	0.965926 0.000000 0.258819
0 1 1.000000 12.400000 0.250000 0.000000 200.000000 17 -1 -1 17 -1 18 0 0 0 0
42.260948 55.990330 -1489.378052	30.283470 55.990330 -1492.587524
0 0.000000 0.000000 0.000000	0 0.000000 0.000000 0.000000

GEOM_ELEMENT 5
39.669830 45.772671 -1713.882935
0.999998 0.001894 -0.000050	-0.001894 0.999652 -0.026303	0.000000 0.026303 0.999654
0 1162760003 0 0 -1 1 1 100.000000 100.000000 100.000000
Geometry Element
TRIGGER_ELEMENT 5
39.663319 45.776604 -1713.733154
1.000000 0.000000 0.000000	0.000000 1.000000 0.000000	0.000000 0.000000 1.000000
0 0 2.500000 3.000000 0.250000 0.000000 200.000000 18 -1 -1 18 -1 19 0 1 0 0
39.663319 45.776604 -1712.233154	39.663319 45.776604 -1715.233154
0 0.000000 0.000000 0.000000	0 0.000000 0.000000 0.000000

TRIGGER_ELEMENT 5
65.347809 54.717098 -2034.458862
0.681998 0.000000 -0.731354	0.000000 1.000000 0.000000	0.731354 0.000000 0.681998
0 1 1.000000 30.400000 0.250000 0.000000 200.000000 19 -1 -1 19 -1 20 0 0 0 0
76.464386 54.717098 -2024.092529	54.231236 54.717098 -2044.825195
0 0.000000 0.000000 0.000000	0 0.000000 0.000000 0.000000

GEOM_ELEMENT 5
266.222015 63.049339 -2373.297852
0.999443 0.029043 -0.001636	-0.029092 0.997995 -0.056214	0.000000 0.056230 0.998284
0 1162760003 0 0 -1 1 1 100.000000 100.000000 100.000000
Geometry Element
TRIGGER_ELEMENT 5
266.340149 63.067513 -2373.036377
1.000000 0.000000 0.000000	0.000000 1.000000 0.000000	0.000000 0.000000 1.000000
0 0 2.500000 3.000000 0.250000 0.000000 200.000000 20 -1 -1 20 -1 21 0 1 0 0
266.340149 63.067513 -2371.536377	266.340149 63.067513 -2374.536377
0 0.000000 0.000000 0.000000	0 0.000000 0.000000 0.000000

TRIGGER_ELEMENT 5
-96.103859 49.662205 -3070.407715
0.087156 0.000000 0.996195	0.000000 1.000000 0.000000	-0.996195 0.000000 0.087156
0 1 1.000000 30.900002 0.250000 0.000000 200.000000 21 -1 -1 21 -1 22 0 0 0 0
-111.495071 49.662205 -3069.061035	-80.712646 49.662205 -3071.754395
0 0.000000 0.000000 0.000000	0 0.000000 0.000000 0.000000

GEOM_ELEMENT 5
-250.994202 55.436356 -3244.811523
0.991354 0.114099 -0.006380	-0.114515 0.991872 -0.055463	0.000000 0.055714 0.996362
0 1162760003 0 0 -1 1 1 100.000000 100.000000 100.000000
Geometry Element
TRIGGER_ELEMENT 5
-250.935074 55.447552 -3244.733398
1.000000 0.000000 0.000000	0.000000 1.000000 0.000000	0.000000 0.000000 1.000000
0 0 2.500000 3.000000 0.250000 0.000000 200.000000 22 -1 -1 22 -1 23 0 1 0 0
-250.935074 55.447552 -3243.233398	-250.935074 55.447552 -3246.233398
0 0.000000 0.000000 0.000000	0 0.000000 0.000000 0.000000

TRIGGER_ELEMENT 5
-558.741821 44.215958 -3488.046387
0.573576 0.000000 -0.819152	0.000000 1.000000 0.000000	0.819152 0.000000 0.573576
0 1 1.000000 57.500000 0.250000 0.000000 200.000000 23 -1 -1 23 -1 25 0 0 0 0
-535.191223 44.215958 -3471.556152	-582.292419 44.215958 -3504.536621
0 0.000000 0.000000 0.000000	0 0.000000 0.000000 0.000000

GEOM_ELEMENT 5
-610.828430 65.857597 -3744.962158
0.999903 -0.012134 -0.000286	0.012138 0.999649 0.023529	0.000000 -0.023530 0.999700
0 1162760003 0 0 -1 1 1 100.000000 100.000000 100.000000
Geometry Element
TRIGGER_ELEMENT 5
-610.688354 65.856941 -3745.006836
1.000000 0.000000 0.000000	0.000000 1.000000 0.000000	0.000000 0.000000 1.000000
0 0 3.200000 3.000000 0.250000 0.000000 200.000000 24 -1 -1 24 -1 24 0 1 0 0
-610.688354 65.856941 -3743.506836	-610.688354 65.856941 -3746.506836
0 0.000000 0.000000 0.000000	0 0.000000 0.000000 0.000000
Waypoint Tigger
TRIGGER_ELEMENT 5
-322.178009 24.361961 -4911.768066
0.358368 0.000000 -0.933580	0.000000 1.000000 0.000000	0.933580 0.000000 0.358368
1 1 5.000000 11.400001 0.250000 0.000000 200.000000 25 -1 -1 25 -1 -1 0 1 0 0
-316.856598 24.361961 -4909.725586	-327.499420 24.361961 -4913.810547
0 0.000000 0.000000 0.000000	0 0.000000 0.000000 0.000000

GEOM_ELEMENT 5
-316.592896 24.340946 -4909.752930
0.999152 -0.035735 0.003216	0.035887 0.995334 -0.089565	0.000000 0.089605 0.995773
0 1162760003 0 0 -1 1 1 100.000000 100.000000 100.000000
Geometry Element
GEOM_ELEMENT 5
-327.758575 24.357666 -4914.063477
0.999169 -0.035376 0.003151	0.035523 0.995428 -0.088663	0.000000 0.088701 0.995858
0 1162760003 0 0 -1 1 1 100.000000 100.000000 100.000000
Geometry Element
GEOM_ELEMENT 5
-321.267487 23.714127 -4918.941895
0.999319 -0.032045 0.002604	0.032156 0.996199 -0.080959	0.000000 0.080987 0.996551
0 1162760003 0 0 -1 1 1 100.000000 100.000000 100.000000
Geometry Element
GEOM_ELEMENT 5
-318.159271 23.723385 -4917.576172
0.999291 -0.032695 0.002648	0.032808 0.996199 -0.080694	0.000000 0.080724 0.996566
0 1162760003 0 0 -1 1 1 100.000000 100.000000 100.000000
Geometry Element
GEOM_ELEMENT 5
-318.767944 23.895943 -4915.693359
0.999291 -0.032695 0.002648	0.032808 0.996199 -0.080694	0.000000 0.080724 0.996566
0 1162760003 0 0 -1 1 1 100.000000 100.000000 100.000000
Geometry Element
GEOM_ELEMENT 5
-321.884949 23.920385 -4916.652832
0.999280 -0.032958 0.002692	0.033074 0.996137 -0.081348	0.000000 0.081379 0.996510
0 1162760003 0 0 -1 1 1 100.000000 100.000000 100.000000
Geometry Element
GEOM_ELEMENT 5
-414.547668 58.746902 -3007.338867
0.999972 -0.006513 0.000469	0.006529 0.997395 -0.071840	0.000000 0.071841 0.997409
0 1162760003 0 0 -1 1 1 100.000000 100.000000 100.000000
Geometry Element
GEOM_ELEMENT 5
-591.702576 65.106941 -2217.102295
0.999937 0.000000 0.000000	0.000000 0.999968 0.000000	0.000000 0.000000 0.999968
0 1162760003 0 0 -1 1 1 100.000000 100.000000 100.000000
Geometry Element
GEOM_ELEMENT 5
10.379490 61.982288 -417.343689
0.905899 -0.005702 0.423455	-0.030030 0.996527 0.077660	-0.422428 -0.083069 0.902582
0 1464094277 0 0 -1 1 1 100.000000 100.000000 100.000000
Geometry Element
GEOM_ELEMENT 5
-644.983887 14.599446 -5584.953125
0.052330 0.000755 0.998629	0.014847 0.999889 -0.001534	-0.998519 0.014907 0.052313
0 1464094277 0 0 -1 1 1 100.000000 100.000000 100.000000
Geometry Element
GEOM_ELEMENT 5
-646.877197 14.618819 -5590.815430
0.104517 -0.000026 0.994523	0.015082 0.999885 -0.001559	-0.994409 0.015162 0.104505
0 1464094277 0 0 -1 1 1 100.000000 100.000000 100.000000
Geometry Element
