CAMERA_ELEMENT 4
-112.728844 12.968999 562.418213
1.000000 0.000000 0.000000	0.000000 1.000000 0.000000	0.000000 0.000000 1.000000
0 0.000000 1
1 1 12 1 1 5.000000 0 37.500000 0.600000
0.000000 0.000000 0.000000
c1
CAMERA_ELEMENT 4
-114.221786 14.945683 290.444427
1.000000 0.000000 0.000000	0.000000 1.000000 0.000000	0.000000 0.000000 1.000000
0 0.000000 1
1 1 12 0 0 3.000000 1 25.000000 0.600000
0.000000 0.000000 0.000000
c2
TRIGGER_ELEMENT 5
-132.976379 -5.817571 368.429047
-0.052336 0.000000 -0.998629	0.000000 1.000000 0.000000	0.998629 0.000000 -0.052336
6 1 1.000000 33.400002 0.250000 0.000000 200.000000 -1 -1 -1 -1 1 -1 0 0 0 0
-116.299271 -5.817571 367.555054	-149.653488 -5.817571 369.303040
1 -0.052338 0.000000 -0.998629	0 0.000000 0.000000 0.000000
Replay Camera Trigger
CAMERA_ELEMENT 4
-33.626534 14.317523 74.139236
1.000000 0.000000 0.000000	0.000000 1.000000 0.000000	0.000000 0.000000 1.000000
0 0.000000 1
1 1 12 1 0 4.500000 0 37.500000 0.600000
0.000000 0.000000 0.000000
c3
TRIGGER_ELEMENT 5
-12.745970 12.846536 237.677765
-0.601815 0.000000 0.798636	0.000000 1.000000 0.000000	-0.798636 0.000000 -0.601815
6 1 1.000000 41.200001 0.250000 0.000000 200.000000 -1 -1 -1 -1 3 -1 0 0 0 0
-29.197863 12.846536 225.280380	3.705923 12.846536 250.075150
2 0.601817 0.000000 -0.798634	0 0.000000 0.000000 0.000000
Replay Camera Trigger
CAMERA_ELEMENT 4
15.999984 40.085579 -164.680710
0.972315 -0.096016 -0.213036	0.089514 0.995183 -0.039985	0.215849 0.019808 0.976226
0 0.000000 1
1 1 12 1 0 3.000000 0 37.500000 0.600000
0.000000 0.000000 0.000000
c4
TRIGGER_ELEMENT 5
44.158718 19.221020 -40.004185
0.207912 0.000000 -0.978147	0.000000 1.000000 0.000000	0.978147 0.000000 0.207912
6 1 1.000000 26.200001 0.250000 0.000000 200.000000 -1 -1 -1 -1 5 -1 0 0 0 0
56.972450 19.221020 -37.280540	31.344986 19.221020 -42.727829
1 0.207913 0.000000 -0.978147	0 0.000000 0.000000 0.000000
Replay Camera Trigger
CAMERA_ELEMENT 4
-27.303570 55.813938 -350.222565
1.000000 0.000000 0.000000	0.000000 1.000000 0.000000	0.000000 0.000000 1.000000
0 0.000000 1
1 1 12 0 0 3.000000 1 17.000000 0.600000
0.000000 0.000000 0.000000
c5
TRIGGER_ELEMENT 5
-17.670721 48.136375 -258.133392
0.292372 0.000000 0.956305	0.000000 1.000000 0.000000	-0.956305 0.000000 0.292372
6 1 1.000000 23.299999 0.250000 0.000000 200.000000 -1 -1 -1 -1 7 -1 0 0 0 0
-28.811670 48.136375 -254.727264	-6.529772 48.136375 -261.539520
2 -0.292373 0.000000 -0.956304	0 0.000000 0.000000 0.000000
Replay Camera Trigger
CAMERA_ELEMENT 4
4.339944 65.864380 -526.097473
1.000000 0.000000 0.000000	0.000000 1.000000 0.000000	0.000000 0.000000 1.000000
0 0.000000 1
1 1 12 1 0 3.000000 0 25.000000 0.600000
0.000000 0.000000 0.000000
c6
TRIGGER_ELEMENT 5
9.222842 61.700146 -414.170532
-0.374606 0.000000 0.927184	0.000000 1.000000 0.000000	-0.927184 0.000000 -0.374606
6 1 1.000000 18.500000 0.250000 0.000000 200.000000 -1 -1 -1 -1 9 -1 0 0 0 0
0.646392 61.700146 -417.635651	17.799294 61.700146 -410.705414
2 0.374606 0.000000 -0.927184	0 0.000000 0.000000 0.000000
Replay Camera Trigger
CAMERA_ELEMENT 4
-60.220016 64.029633 -640.054688
0.998840 0.040911 -0.025395	-0.042364 0.997324 -0.059587	0.022889 0.060594 0.997900
0 0.000000 0
1 1 12 0 0 3.000000 1 37.500000 0.600000
0.000000 0.000000 0.000000
c7
TRIGGER_ELEMENT 5
-26.769581 63.002083 -585.981323
0.573576 0.000000 0.819152	0.000000 1.000000 0.000000	-0.819152 0.000000 0.573576
6 1 1.000000 20.000000 0.250000 0.000000 200.000000 -1 -1 -1 -1 11 -1 0 0 0 0
-34.961102 63.002083 -580.245544	-18.578060 63.002083 -591.717102
2 -0.573576 0.000000 -0.819153	0 0.000000 0.000000 0.000000
Replay Camera Trigger
CAMERA_ELEMENT 4
-255.766037 74.704880 -846.893616
1.000000 0.000000 0.000000	0.000000 1.000000 0.000000	0.000000 0.000000 1.000000
0 0.000000 1
1 1 12 1 0 4.000000 0 37.500000 0.600000
0.000000 0.000000 0.000000
c8
TRIGGER_ELEMENT 5
-107.764023 63.002083 -690.136169
-0.629320 0.000000 -0.777146	0.000000 1.000000 0.000000	0.777146 0.000000 -0.629320
6 1 1.000000 37.900002 0.250000 0.000000 200.000000 -1 -1 -1 -1 13 -1 0 0 0 0
-93.037109 63.002083 -702.061768	-122.490936 63.002083 -678.210571
1 -0.629312 0.000000 -0.777153	0 0.000000 0.000000 0.000000
Replay Camera Trigger
CAMERA_ELEMENT 4
-264.905304 77.324051 -983.985962
1.000000 0.000000 0.000000	0.000000 1.000000 0.000000	0.000000 0.000000 1.000000
0 0.000000 1
1 1 12 0 0 3.000000 1 30.000000 0.600000
0.000000 0.000000 0.000000
c9
TRIGGER_ELEMENT 5
-253.777008 72.934433 -899.396423
-0.034899 0.000000 -0.999391	0.000000 1.000000 0.000000	0.999391 0.000000 -0.034899
6 1 1.000000 43.300003 0.250000 0.000000 200.000000 -1 -1 -1 -1 15 -1 0 0 0 0
-232.140198 72.934433 -900.151978	-275.413818 72.934433 -898.640869
1 -0.034897 0.000000 -0.999391	0 0.000000 0.000000 0.000000
Replay Camera Trigger
CAMERA_ELEMENT 4
-512.761292 85.185600 -1028.739380
1.000000 0.000000 0.000000	0.000000 1.000000 0.000000	0.000000 0.000000 1.000000
1 2.000000 1
1 1 12 1 0 4.000000 0 37.500000 0.600000
0.000000 0.000000 0.000000
c10
TRIGGER_ELEMENT 5
-363.637146 72.669556 -1053.555054
-0.996195 0.000000 0.087155	0.000000 1.000000 0.000000	-0.087155 0.000000 -0.996195
6 1 1.000000 41.200001 0.250000 0.000000 200.000000 -1 -1 -1 -1 17 -1 0 0 0 0
-365.432526 72.669556 -1074.076660	-361.841766 72.669556 -1033.033447
1 -0.996194 0.000000 0.087159	0 0.000000 0.000000 0.000000
Replay Camera Trigger
CAMERA_ELEMENT 4
-556.178101 87.614403 -1030.577393
1.000000 0.000000 0.000000	0.000000 1.000000 0.000000	0.000000 0.000000 1.000000
0 0.000000 1
1 1 11 0 0 3.000000 0 37.500000 1.000000
0.000000 0.000000 0.000000
c11
TRIGGER_ELEMENT 5
-542.428467 83.802216 -1034.753784
-0.992546 0.000000 -0.121869	0.000000 1.000000 0.000000	0.121869 0.000000 -0.992546
6 1 1.000000 29.000000 0.250000 0.000000 200.000000 -1 -1 -1 -1 19 -1 0 0 0 0
-540.661377 83.802216 -1049.145752	-544.195557 83.802216 -1020.361877
1 -0.992551 0.000000 -0.121826	0 0.000000 0.000000 0.000000
Replay Camera Trigger
CAMERA_ELEMENT 4
-790.457520 77.784142 -1324.856934
1.000000 0.000000 0.000000	0.000000 1.000000 0.000000	0.000000 0.000000 1.000000
0 0.000000 1
1 1 12 0 0 3.000000 1 20.000000 0.600000
0.000000 0.000000 0.000000
c12
TRIGGER_ELEMENT 5
-774.595520 86.110153 -1247.435547
-0.325568 0.000000 -0.945519	0.000000 1.000000 0.000000	0.945519 0.000000 -0.325568
6 1 1.000000 30.500000 0.250000 0.000000 200.000000 -1 -1 -1 -1 21 -1 0 0 0 0
-760.176331 86.110153 -1252.400513	-789.014709 86.110153 -1242.470581
1 -0.325550 0.000000 -0.945525	0 0.000000 0.000000 0.000000
Replay Camera Trigger
CAMERA_ELEMENT 4
-812.158447 67.637039 -1502.399414
1.000000 0.000000 0.000000	0.000000 1.000000 0.000000	0.000000 0.000000 1.000000
1 2.000000 1
1 1 12 1 0 3.000000 0 37.500000 0.600000
0.000000 0.000000 0.000000
c13
TRIGGER_ELEMENT 5
-772.751343 70.229767 -1402.290771
0.000000 0.000000 -1.000000	0.000000 1.000000 0.000000	1.000000 0.000000 0.000000
6 1 1.000000 30.700001 0.250000 0.000000 200.000000 -1 -1 -1 -1 23 -1 0 0 0 0
-757.401367 70.229767 -1402.290771	-788.101318 70.229767 -1402.290771
1 0.000000 0.000000 -1.000000	0 0.000000 0.000000 0.000000
Replay Camera Trigger
CAMERA_ELEMENT 4
-813.379456 66.395500 -1644.131226
1.000000 0.000000 0.000000	0.000000 1.000000 0.000000	0.000000 0.000000 1.000000
0 0.000000 1
1 1 12 0 0 3.000000 1 37.500000 0.600000
0.000000 0.000000 0.000000
c14
TRIGGER_ELEMENT 5
-783.986572 63.002083 -1587.042114
0.104529 0.000000 -0.994522	0.000000 1.000000 0.000000	0.994522 0.000000 0.104529
6 1 1.000000 39.200005 0.250000 0.000000 200.000000 -1 -1 -1 -1 25 -1 0 0 0 0
-764.493958 63.002083 -1584.993408	-803.479187 63.002083 -1589.090820
1 0.104555 0.000000 -0.994519	0 0.000000 0.000000 0.000000
Replay Camera Trigger
CAMERA_ELEMENT 4
-831.249817 77.618858 -1803.540283
1.000000 0.000000 0.000000	0.000000 1.000000 0.000000	0.000000 0.000000 1.000000
0 0.000000 1
1 1 12 1 0 5.000000 0 37.500000 0.600000
0.000000 0.000000 0.000000
c15
TRIGGER_ELEMENT 5
-803.495422 63.002083 -1707.486206
0.173648 0.000000 -0.984808	0.000000 1.000000 0.000000	0.984808 0.000000 0.173648
6 1 1.000000 27.600002 0.250000 0.000000 200.000000 -1 -1 -1 -1 27 -1 0 0 0 0
-789.905090 63.002083 -1705.089844	-817.085754 63.002083 -1709.882568
1 0.173636 0.000000 -0.984810	0 0.000000 0.000000 0.000000
Replay Camera Trigger
CAMERA_ELEMENT 4
-948.946838 79.035744 -2024.225952
1.000000 0.000000 0.000000	0.000000 1.000000 0.000000	0.000000 0.000000 1.000000
1 2.000000 1
1 1 12 1 0 7.000000 0 37.500000 0.600000
0.000000 0.000000 0.000000
c16
TRIGGER_ELEMENT 5
-849.949524 69.037537 -1895.026611
-0.292371 0.000000 -0.956305	0.000000 1.000000 0.000000	0.956305 0.000000 -0.292371
6 1 1.000000 30.500000 0.250000 0.000000 200.000000 -1 -1 -1 -1 29 -1 0 0 0 0
-835.365906 69.037537 -1899.485229	-864.533142 69.037537 -1890.567993
1 -0.292361 0.000000 -0.956308	0 0.000000 0.000000 0.000000
Replay Camera Trigger
CAMERA_ELEMENT 4
-1248.737671 118.543442 -2117.332520
1.000000 0.000000 0.000000	0.000000 1.000000 0.000000	0.000000 0.000000 1.000000
0 0.000000 1
1 1 12 1 0 3.000000 0 37.500000 0.600000
0.000000 0.000000 0.000000
c17
TRIGGER_ELEMENT 5
-1147.192871 100.468468 -2027.335205
-0.920505 0.000000 -0.390731	0.000000 1.000000 0.000000	0.390731 0.000000 -0.920505
6 1 1.000000 33.500000 0.250000 0.000000 200.000000 -1 -1 -1 -1 31 -1 0 0 0 0
-1140.648071 100.468468 -2042.753662	-1153.737671 100.468468 -2011.916748
1 -0.920503 0.000000 -0.390735	0 0.000000 0.000000 0.000000
Replay Camera Trigger
CAMERA_ELEMENT 4
-1221.683472 115.151314 -2354.163818
1.000000 0.000000 0.000000	0.000000 1.000000 0.000000	0.000000 0.000000 1.000000
0 0.000000 1
1 1 12 0 0 3.000000 1 25.000000 0.600000
0.000000 0.000000 0.000000
c18
TRIGGER_ELEMENT 5
-1260.843750 114.213959 -2171.538818
-0.258819 0.000000 -0.965926	0.000000 1.000000 0.000000	0.965926 0.000000 -0.258819
6 1 1.000000 30.700001 0.250000 0.000000 200.000000 -1 -1 -1 -1 33 -1 0 0 0 0
-1246.016846 114.213959 -2175.511719	-1275.670654 114.213959 -2167.565918
1 -0.258817 0.000000 -0.965926	0 0.000000 0.000000 0.000000
Replay Camera Trigger
CAMERA_ELEMENT 4
-1167.510010 105.525841 -2597.286621
1.000000 0.000000 0.000000	0.000000 1.000000 0.000000	0.000000 0.000000 1.000000
1 3.000000 1
1 1 12 0 0 3.000000 1 25.000000 0.600000
0.000000 0.000000 0.000000
c19
TRIGGER_ELEMENT 5
-1234.301025 111.035271 -2529.726563
0.587785 0.000000 -0.809017	0.000000 1.000000 0.000000	0.809017 0.000000 0.587785
6 1 1.000000 23.599998 0.250000 0.000000 200.000000 -1 -1 -1 -1 35 -1 0 0 0 0
-1224.754639 111.035271 -2522.790771	-1243.847412 111.035271 -2536.662354
1 0.587743 0.000000 -0.809047	0 0.000000 0.000000 0.000000
Replay Camera Trigger
CAMERA_ELEMENT 4
-1095.300415 94.466827 -2721.869629
1.000000 0.000000 0.000000	0.000000 1.000000 0.000000	0.000000 0.000000 1.000000
0 0.000000 1
1 1 12 1 0 3.000000 0 37.500000 0.600000
0.000000 0.000000 0.000000
c20
TRIGGER_ELEMENT 5
-1148.662109 97.102196 -2654.408936
0.469472 0.000000 -0.882947	0.000000 1.000000 0.000000	0.882947 0.000000 0.469472
6 1 1.000000 30.099998 0.250000 0.000000 200.000000 -1 -1 -1 -1 37 -1 0 0 0 0
-1135.373779 97.102196 -2647.343506	-1161.950439 97.102196 -2661.474365
1 0.469435 0.000000 -0.882967	0 0.000000 0.000000 0.000000
Replay Camera Trigger
CAMERA_ELEMENT 4
-924.701416 83.386086 -2818.657227
1.000000 0.000000 0.000000	0.000000 1.000000 0.000000	0.000000 0.000000 1.000000
0 0.000000 1
1 1 11 0 0 3.000000 1 25.000000 0.900000
0.000000 0.000000 0.000000
c21
TRIGGER_ELEMENT 5
-950.297363 81.588028 -2755.071289
0.669130 0.000000 -0.743145	0.000000 1.000000 0.000000	0.743145 0.000000 0.669130
6 1 1.000000 28.799997 0.250000 0.000000 200.000000 -1 -1 -1 -1 39 -1 0 0 0 0
-939.596069 81.588028 -2745.435791	-960.998657 81.588028 -2764.706787
1 0.669120 0.000000 -0.743154	0 0.000000 0.000000 0.000000
Replay Camera Trigger
CAMERA_ELEMENT 4
-1142.168213 68.614418 -3066.912842
1.000000 0.000000 0.000000	0.000000 1.000000 0.000000	0.000000 0.000000 1.000000
0 0.000000 1
1 1 12 0 0 3.000000 1 37.500000 0.600000
0.000000 0.000000 0.000000
c22
TRIGGER_ELEMENT 5
-1050.114014 72.906723 -3034.135498
-0.945518 0.000000 -0.325568	0.000000 1.000000 0.000000	0.325568 0.000000 -0.945518
6 1 1.000000 52.200001 0.250000 0.000000 200.000000 -1 -1 -1 -1 41 -1 0 0 0 0
-1041.616699 72.906723 -3058.813477	-1058.611328 72.906723 -3009.457520
1 -0.945487 0.000000 -0.325660	0 0.000000 0.000000 0.000000
Replay Camera Trigger
CAMERA_ELEMENT 4
-1157.189331 60.623253 -3228.508301
1.000000 0.000000 0.000000	0.000000 1.000000 0.000000	0.000000 0.000000 1.000000
0 0.000000 1
1 1 12 0 0 3.000000 1 20.000000 0.600000
0.000000 0.000000 0.000000
c23
TRIGGER_ELEMENT 5
-1162.103149 56.440765 -3137.156006
-0.173648 0.000000 -0.984808	0.000000 1.000000 0.000000	0.984808 0.000000 -0.173648
6 1 1.000000 46.799999 0.250000 0.000000 200.000000 -1 -1 -1 -1 43 -1 0 0 0 0
-1139.058594 56.440765 -3141.219482	-1185.147705 56.440765 -3133.092529
1 -0.173695 0.000000 -0.984800	0 0.000000 0.000000 0.000000
Replay Camera Trigger
CAMERA_ELEMENT 4
-1049.909180 55.531483 -3350.507568
1.000000 0.000000 0.000000	0.000000 1.000000 0.000000	0.000000 0.000000 1.000000
0 0.000000 1
1 1 12 1 0 3.000000 0 37.500000 0.600000
0.000000 0.000000 0.000000
c24
TRIGGER_ELEMENT 5
-1114.902344 58.201469 -3272.542969
0.848048 0.000000 -0.529919	0.000000 1.000000 0.000000	0.529919 0.000000 0.848048
6 1 1.000000 39.100002 0.250000 0.000000 200.000000 -1 -1 -1 -1 45 -1 0 0 0 0
-1104.542480 58.201469 -3255.963623	-1125.262207 58.201469 -3289.122314
1 0.847991 0.000000 -0.530010	0 0.000000 0.000000 0.000000
Replay Camera Trigger
CAMERA_ELEMENT 4
-846.609436 53.159573 -3296.057129
1.000000 0.000000 0.000000	0.000000 1.000000 0.000000	0.000000 0.000000 1.000000
0 0.000000 1
1 1 12 1 0 3.000000 0 37.500000 0.600000
0.000000 0.000000 0.000000
c25
TRIGGER_ELEMENT 5
-968.156860 51.022827 -3359.701172
0.939693 0.000000 0.342020	0.000000 1.000000 0.000000	-0.342020 0.000000 0.939693
6 1 1.000000 33.400002 0.250000 0.000000 200.000000 -1 -1 -1 -1 47 -1 0 0 0 0
-973.868591 51.022827 -3344.008301	-962.445129 51.022827 -3375.394043
1 0.939687 0.000000 0.342037	0 0.000000 0.000000 0.000000
Replay Camera Trigger
CAMERA_ELEMENT 4
-601.326111 54.319088 -3423.838379
1.000000 0.000000 0.000000	0.000000 1.000000 0.000000	0.000000 0.000000 1.000000
0 0.000000 1
1 1 12 0 0 3.000000 1 37.500000 0.600000
0.000000 0.000000 0.000000
c26
TRIGGER_ELEMENT 5
-686.209778 48.375187 -3307.945313
0.866026 0.000000 -0.500000	0.000000 1.000000 0.000000	0.500000 0.000000 0.866026
6 1 1.000000 36.799999 0.250000 0.000000 200.000000 -1 -1 -1 -1 49 -1 0 0 0 0
-677.009766 48.375187 -3292.010498	-695.409790 48.375187 -3323.880127
1 0.866026 0.000000 -0.499999	0 0.000000 0.000000 0.000000
Replay Camera Trigger
CAMERA_ELEMENT 4
-535.420593 63.872498 -3650.894775
1.000000 0.000000 0.000000	0.000000 1.000000 0.000000	0.000000 0.000000 1.000000
0 0.000000 1
1 1 12 1 0 3.000000 0 37.500000 0.600000
0.000000 0.000000 0.000000
c27
TRIGGER_ELEMENT 5
-528.301147 44.500496 -3524.520752
0.342020 0.000000 -0.939692	0.000000 1.000000 0.000000	0.939692 0.000000 0.342020
6 1 1.000000 46.200001 0.250000 0.000000 200.000000 -1 -1 -1 -1 51 -1 0 0 0 0
-506.594238 44.500496 -3516.620117	-550.008057 44.500496 -3532.421387
1 0.342037 0.000000 -0.939687	0 0.000000 0.000000 0.000000
Replay Camera Trigger
CAMERA_ELEMENT 4
-628.774780 83.402191 -3738.035889
0.292776 0.030783 -0.955685	0.292931 0.948537 0.120292	0.910205 -0.315168 0.268691
0 0.000000 1
1 1 12 0 0 3.000000 1 37.500000 0.600000
0.000000 0.000000 0.000000
c28
TRIGGER_ELEMENT 5
-556.386536 62.439026 -3673.847412
-0.469471 0.000000 -0.882948	0.000000 1.000000 0.000000	0.882948 0.000000 -0.469471
6 1 1.000000 26.800001 0.250000 0.000000 200.000000 -1 -1 -1 -1 53 -1 0 0 0 0
-544.555054 62.439026 -3680.138428	-568.218018 62.439026 -3667.556396
1 -0.469435 0.000000 -0.882967	0 0.000000 0.000000 0.000000
Replay Camera Trigger
TRIGGER_ELEMENT 5
-605.345032 66.372093 -3769.824463
0.453991 0.000000 0.891006	0.000000 1.000000 0.000000	-0.891006 0.000000 0.453991
6 1 1.000000 26.800001 0.250000 0.000000 200.000000 -1 -1 -1 -1 53 -1 0 0 0 0
-617.284546 66.372093 -3763.740967	-593.405518 66.372093 -3775.907959
1 0.453939 0.000000 0.891033	0 0.000000 0.000000 0.000000
Replay Camera Trigger
TRIGGER_ELEMENT 5
-547.901367 60.698135 -3657.897705
0.469472 0.000000 0.882948	0.000000 1.000000 0.000000	-0.882948 0.000000 0.469472
6 1 1.000000 23.799999 0.250000 0.000000 200.000000 -1 -1 -1 -1 51 -1 0 0 0 0
-558.408447 60.698135 -3652.311035	-537.394287 60.698135 -3663.484375
1 0.469435 0.000000 0.882967	0 0.000000 0.000000 0.000000
Replay Camera Trigger
TRIGGER_ELEMENT 5
-517.250671 46.574562 -3549.614258
-0.173648 0.000000 0.984808	0.000000 1.000000 0.000000	-0.984808 0.000000 -0.173648
6 1 1.000000 26.100000 0.250000 0.000000 200.000000 -1 -1 -1 -1 49 -1 0 0 0 0
-530.102417 46.574562 -3551.880371	-504.398926 46.574562 -3547.348145
1 -0.173636 0.000000 0.984810	0 0.000000 0.000000 0.000000
Replay Camera Trigger
TRIGGER_ELEMENT 5
-689.785095 48.993011 -3304.296631
0.866026 0.000000 -0.500000	0.000000 1.000000 0.000000	0.500000 0.000000 0.866026
6 1 1.000000 35.500004 0.250000 0.000000 200.000000 -1 -1 -1 -1 47 -1 0 0 0 0
-680.910095 48.993011 -3288.924561	-698.660095 48.993011 -3319.668701
2 -0.866026 0.000000 0.499999	0 0.000000 0.000000 0.000000
Replay Camera Trigger
TRIGGER_ELEMENT 5
-970.041077 51.027355 -3360.389648
0.956305 0.000000 0.292372	0.000000 1.000000 0.000000	-0.292372 0.000000 0.956305
6 1 1.000000 33.100002 0.250000 0.000000 200.000000 -1 -1 -1 -1 45 -1 0 0 0 0
-974.879822 51.027355 -3344.562744	-965.202332 51.027355 -3376.216553
2 -0.956274 0.000000 -0.292473	0 0.000000 0.000000 0.000000
Replay Camera Trigger
TRIGGER_ELEMENT 5
-1105.797852 58.007778 -3277.983887
-0.829037 0.000000 0.559193	0.000000 1.000000 0.000000	-0.559193 0.000000 -0.829037
6 1 1.000000 28.400000 0.250000 0.000000 200.000000 -1 -1 -1 -1 43 -1 0 0 0 0
-1113.738403 58.007778 -3289.756104	-1097.857300 58.007778 -3266.211670
1 -0.829071 0.000000 0.559144	0 0.000000 0.000000 0.000000
Replay Camera Trigger
TRIGGER_ELEMENT 5
-1161.869751 56.765873 -3132.266113
0.258819 0.000000 0.965926	0.000000 1.000000 0.000000	-0.965926 0.000000 0.258819
6 1 1.000000 30.100002 0.250000 0.000000 200.000000 -1 -1 -1 -1 41 -1 0 0 0 0
-1176.406982 56.765873 -3128.370850	-1147.332520 56.765873 -3136.161377
1 0.258817 0.000000 0.965926	0 0.000000 0.000000 0.000000
Replay Camera Trigger
CAMERA_ELEMENT 4
-1037.290405 76.207077 -3028.629639
1.000000 0.000000 0.000000	0.000000 1.000000 0.000000	0.000000 0.000000 1.000000
0 0.000000 1
1 1 11 0 0 3.000000 0 37.500000 1.000000
0.000000 0.000000 0.000000
c29
TRIGGER_ELEMENT 5
-1047.617676 72.913017 -3033.603760
0.945519 0.000000 0.325568	0.000000 1.000000 0.000000	-0.325568 0.000000 0.945519
6 1 1.000000 48.700001 0.250000 0.000000 200.000000 -1 -1 -1 -1 62 -1 0 0 0 0
-1055.545288 72.913017 -3010.580322	-1039.690063 72.913017 -3056.627197
1 0.945487 0.000000 0.325660	0 0.000000 0.000000 0.000000
Replay Camera Trigger
TRIGGER_ELEMENT 5
-992.491821 82.965622 -2742.454834
-0.882948 0.000000 0.469472	0.000000 1.000000 0.000000	-0.469472 0.000000 -0.882948
6 1 1.000000 25.700001 0.250000 0.000000 200.000000 -1 -1 -1 -1 37 -1 0 0 0 0
-998.524536 82.965622 -2753.800781	-986.459106 82.965622 -2731.108887
1 -0.882940 0.000000 0.469485	0 0.000000 0.000000 0.000000
Replay Camera Trigger
TRIGGER_ELEMENT 5
-1149.627441 97.815544 -2649.281738
0.390731 0.000000 -0.920505	0.000000 1.000000 0.000000	0.920505 0.000000 0.390731
6 1 1.000000 29.500000 0.250000 0.000000 200.000000 -1 -1 -1 -1 35 -1 0 0 0 0
-1136.050049 97.815544 -2643.518555	-1163.204834 97.815544 -2655.044922
2 -0.390779 0.000000 0.920485	0 0.000000 0.000000 0.000000
Replay Camera Trigger
TRIGGER_ELEMENT 5
-1251.035400 112.887413 -2487.836914
-0.069756 0.000000 0.997564	0.000000 1.000000 0.000000	-0.997564 0.000000 -0.069756
6 1 1.000000 25.900000 0.250000 0.000000 200.000000 -1 -1 -1 -1 33 -1 0 0 0 0
-1263.953857 112.887413 -2488.740234	-1238.116943 112.887413 -2486.933594
1 -0.069703 0.000000 0.997568	0 0.000000 0.000000 0.000000
Replay Camera Trigger
TRIGGER_ELEMENT 5
-1262.653809 114.337570 -2185.777344
-0.139173 0.000000 0.990268	0.000000 1.000000 0.000000	-0.990268 0.000000 -0.139173
6 1 1.000000 34.000000 0.250000 0.000000 200.000000 -1 -1 -1 -1 31 -1 0 0 0 0
-1279.488403 114.337570 -2188.143311	-1245.819214 114.337570 -2183.411377
1 -0.139165 0.000000 0.990269	0 0.000000 0.000000 0.000000
Replay Camera Trigger
TRIGGER_ELEMENT 5
-1144.618042 99.850838 -2023.790161
0.927184 0.000000 0.374606	0.000000 1.000000 0.000000	-0.374606 0.000000 0.927184
6 1 1.000000 29.700001 0.250000 0.000000 200.000000 -1 -1 -1 -1 29 -1 0 0 0 0
-1150.180908 99.850838 -2010.021484	-1139.055176 99.850838 -2037.558838
1 0.927166 0.000000 0.374651	0 0.000000 0.000000 0.000000
Replay Camera Trigger
TRIGGER_ELEMENT 5
-876.136414 74.035484 -1951.131592
0.587785 0.000000 0.809017	0.000000 1.000000 0.000000	-0.809017 0.000000 0.587785
6 1 1.000000 43.100002 0.250000 0.000000 200.000000 -1 -1 -1 -1 27 -1 0 0 0 0
-893.570740 74.035484 -1938.464844	-858.702087 74.035484 -1963.798340
1 0.587801 0.000000 0.809005	0 0.000000 0.000000 0.000000
Replay Camera Trigger
TRIGGER_ELEMENT 5
-799.362183 63.002083 -1737.089722
0.207912 0.000000 0.978148	0.000000 1.000000 0.000000	-0.978148 0.000000 0.207912
6 1 1.000000 43.200001 0.250000 0.000000 200.000000 -1 -1 -1 -1 25 -1 0 0 0 0
-820.490173 63.002083 -1732.598877	-778.234192 63.002083 -1741.580566
1 0.207887 0.000000 0.978153	0 0.000000 0.000000 0.000000
Replay Camera Trigger
TRIGGER_ELEMENT 5
-783.190125 63.002083 -1592.760010
0.000000 0.000000 1.000000	0.000000 1.000000 0.000000	-1.000000 0.000000 0.000000
6 1 1.000000 47.900002 0.250000 0.000000 200.000000 -1 -1 -1 -1 23 -1 0 0 0 0
-807.140137 63.002083 -1592.760010	-759.240112 63.002083 -1592.760010
1 0.000000 0.000000 1.000000	0 0.000000 0.000000 0.000000
Replay Camera Trigger
TRIGGER_ELEMENT 5
-777.428589 68.869514 -1432.081665
0.438371 0.000000 0.898794	0.000000 1.000000 0.000000	-0.898794 0.000000 0.438371
6 1 1.000000 26.900002 0.250000 0.000000 200.000000 -1 -1 -1 -1 21 -1 0 0 0 0
-789.517395 68.869514 -1426.185547	-765.339783 68.869514 -1437.977783
1 0.438354 0.000000 0.898802	0 0.000000 0.000000 0.000000
Replay Camera Trigger
CAMERA_ELEMENT 4
-699.107117 89.198555 -1139.085571
1.000000 0.000000 0.000000	0.000000 1.000000 0.000000	0.000000 0.000000 1.000000
0 0.000000 1
1 1 12 0 0 3.000000 1 20.000000 0.600000
0.000000 0.000000 0.000000
c30
TRIGGER_ELEMENT 5
-767.622559 87.656853 -1229.678345
0.422618 0.000000 0.906308	0.000000 1.000000 0.000000	-0.906308 0.000000 0.422618
6 1 1.000000 33.700001 0.250000 0.000000 200.000000 -1 -1 -1 -1 73 -1 0 0 0 0
-782.893860 87.656853 -1222.557251	-752.351257 87.656853 -1236.799438
1 0.422632 0.000000 0.906302	0 0.000000 0.000000 0.000000
Replay Camera Trigger
TRIGGER_ELEMENT 5
-599.261047 84.289261 -1063.313232
0.766044 0.000000 0.642788	0.000000 1.000000 0.000000	-0.642788 0.000000 0.766044
6 1 1.000000 35.700001 0.250000 0.000000 200.000000 -1 -1 -1 -1 17 -1 0 0 0 0
-610.734802 84.289261 -1049.639282	-587.787292 84.289261 -1076.987183
1 0.766031 0.000000 0.642804	0 0.000000 0.000000 0.000000
Replay Camera Trigger
TRIGGER_ELEMENT 5
-331.867249 71.541298 -1045.343994
0.788011 0.000000 0.615662	0.000000 1.000000 0.000000	-0.615662 0.000000 0.788011
6 1 1.000000 38.800003 0.250000 0.000000 200.000000 -1 -1 -1 -1 15 -1 0 0 0 0
-343.811096 71.541298 -1030.056641	-319.923401 71.541298 -1060.631348
1 0.787986 0.000000 0.615693	0 0.000000 0.000000 0.000000
Replay Camera Trigger
TRIGGER_ELEMENT 5
-257.988556 72.911812 -905.721741
0.000000 0.000000 1.000000	0.000000 1.000000 0.000000	-1.000000 0.000000 0.000000
6 1 1.000000 45.099998 0.250000 0.000000 200.000000 -1 -1 -1 -1 13 -1 0 0 0 0
-280.538544 72.911812 -905.721741	-235.438553 72.911812 -905.721741
1 0.000000 0.000000 1.000000	0 0.000000 0.000000 0.000000
Replay Camera Trigger
TRIGGER_ELEMENT 5
-151.446564 63.002083 -741.742432
0.669131 0.000000 0.743145	0.000000 1.000000 0.000000	-0.743145 0.000000 0.669131
6 1 1.000000 73.700005 0.250000 0.000000 200.000000 -1 -1 -1 -1 11 -1 0 0 0 0
-178.831451 63.002083 -717.084961	-124.061668 63.002083 -766.399902
1 0.669120 0.000000 0.743154	0 0.000000 0.000000 0.000000
Replay Camera Trigger
TRIGGER_ELEMENT 5
-167.804901 63.002083 -764.888428
-0.669130 0.000000 -0.743145	0.000000 1.000000 0.000000	0.743145 0.000000 -0.669130
6 1 1.000000 38.900002 0.250000 0.000000 200.000000 -1 -1 -1 -1 13 -1 0 0 0 0
-153.350739 63.002083 -777.903015	-182.259064 63.002083 -751.873840
1 -0.669120 0.000000 -0.743154	0 0.000000 0.000000 0.000000
Replay Camera Trigger
TRIGGER_ELEMENT 5
-30.343330 63.002090 -590.978455
0.587785 0.000000 0.809017	0.000000 1.000000 0.000000	-0.809017 0.000000 0.587785
6 1 1.000000 27.600002 0.250000 0.000000 200.000000 -1 -1 -1 -1 9 -1 0 0 0 0
-41.507763 63.002090 -582.867004	-19.178898 63.002090 -599.089905
1 0.587784 0.000000 0.809018	0 0.000000 0.000000 0.000000
Replay Camera Trigger
TRIGGER_ELEMENT 5
7.747418 61.504425 -412.382996
-0.342020 0.000000 0.939693	0.000000 1.000000 0.000000	-0.939693 0.000000 -0.342020
6 1 1.000000 17.400002 0.250000 0.000000 200.000000 -1 -1 -1 -1 7 -1 0 0 0 0
-0.427910 61.504425 -415.358582	15.922747 61.504425 -409.407410
1 -0.342019 0.000000 0.939693	0 0.000000 0.000000 0.000000
Replay Camera Trigger
TRIGGER_ELEMENT 5
-11.743319 46.268524 -244.409393
0.422618 0.000000 0.906308	0.000000 1.000000 0.000000	-0.906308 0.000000 0.422618
6 1 1.000000 16.299999 0.250000 0.000000 200.000000 -1 -1 -1 -1 5 -1 0 0 0 0
-19.129726 46.268524 -240.965057	-4.356911 46.268524 -247.853729
1 0.422617 0.000000 0.906308	0 0.000000 0.000000 0.000000
Replay Camera Trigger
TRIGGER_ELEMENT 5
43.589512 18.889042 -37.590195
-0.156434 0.000000 0.987688	0.000000 1.000000 0.000000	-0.987688 0.000000 -0.156434
6 1 1.000000 24.300001 0.250000 0.000000 200.000000 -1 -1 -1 -1 3 -1 0 0 0 0
31.589096 18.889042 -39.490871	55.589928 18.889042 -35.689518
1 -0.156433 0.000000 0.987689	0 0.000000 0.000000 0.000000
Replay Camera Trigger
TRIGGER_ELEMENT 5
-5.738296 12.644245 221.196091
0.342020 0.000000 -0.939692	0.000000 1.000000 0.000000	0.939692 0.000000 0.342020
6 1 1.000000 38.900002 0.250000 0.000000 200.000000 -1 -1 -1 -1 1 -1 0 0 0 0
12.538724 12.644245 227.848389	-24.015316 12.644245 214.543793
2 -0.342019 0.000000 0.939693	0 0.000000 0.000000 0.000000
Replay Camera Trigger
TRIGGER_ELEMENT 5
-132.107498 -5.956596 372.290833
0.069757 0.000000 0.997564	0.000000 1.000000 0.000000	-0.997564 0.000000 0.069757
6 1 1.000000 37.800003 0.250000 0.000000 200.000000 -1 -1 -1 -1 0 -1 0 0 0 0
-150.961456 -5.956596 373.609222	-113.253532 -5.956596 370.972443
1 0.069764 0.000000 0.997564	0 0.000000 0.000000 0.000000
Replay Camera Trigger
CAMERA_ELEMENT 4
-73.867943 57.675163 -828.764160
0.642811 -0.001826 0.766023	-0.025524 0.999391 0.023801	-0.765599 -0.034852 0.642373
0 0.000000 0
1 1 12 0 0 3.000000 1 37.500000 0.600000
0.000000 0.000000 0.000000
c50
TRIGGER_ELEMENT 5
-141.967560 62.547897 -769.756531
0.788011 0.000000 -0.615661	0.000000 1.000000 0.000000	0.615661 0.000000 0.788011
6 1 1.000000 54.400002 0.250000 0.000000 200.000000 -1 -1 -1 -1 86 -1 0 0 0 0
-125.221581 62.547897 -748.322632	-158.713547 62.547897 -791.190430
1 0.788010 0.000000 -0.615662	0 0.000000 0.000000 0.000000
Replay Camera Trigger
CAMERA_ELEMENT 4
-15.230506 60.147015 -921.202454
1.000000 0.000000 0.000000	0.000000 1.000000 0.000000	0.000000 0.000000 1.000000
0 0.000000 1
1 1 12 1 0 3.000000 0 37.500000 0.600000
0.000000 0.000000 0.000000
c51
TRIGGER_ELEMENT 5
-67.999519 56.749268 -833.428467
0.681998 0.000000 -0.731354	0.000000 1.000000 0.000000	0.731354 0.000000 0.681998
6 1 1.000000 31.400000 0.250000 0.000000 200.000000 -1 -1 -1 -1 88 -1 0 0 0 0
-56.517265 56.749268 -822.721069	-79.481773 56.749268 -844.135864
1 0.682014 0.000000 -0.731339	0 0.000000 0.000000 0.000000
Replay Camera Trigger
CAMERA_ELEMENT 4
78.440651 55.306145 -1149.860718
1.000000 0.000000 0.000000	0.000000 1.000000 0.000000	0.000000 0.000000 1.000000
0 0.000000 1
1 1 12 0 0 3.000000 1 20.000000 0.600000
0.000000 0.000000 0.000000
c52
TRIGGER_ELEMENT 5
74.898987 55.935505 -1020.825562
-0.406737 0.000000 0.913546	0.000000 1.000000 0.000000	-0.913546 0.000000 -0.406737
6 1 1.000000 28.200001 0.250000 0.000000 200.000000 -1 -1 -1 -1 90 -1 0 0 0 0
62.017994 55.935505 -1026.560547	87.779984 55.935505 -1015.090576
2 0.406727 0.000000 -0.913550	0 0.000000 0.000000 0.000000
Replay Camera Trigger
CAMERA_ELEMENT 4
49.668133 59.180950 -1375.836182
1.000000 0.000000 0.000000	0.000000 1.000000 0.000000	0.000000 0.000000 1.000000
0 0.000000 1
1 1 12 1 0 3.000000 0 37.500000 0.600000
0.000000 0.000000 0.000000
c53
TRIGGER_ELEMENT 5
80.936119 55.560692 -1279.387451
-0.034899 0.000000 -0.999391	0.000000 1.000000 0.000000	0.999391 0.000000 -0.034899
6 1 1.000000 52.900005 0.250000 0.000000 200.000000 -1 -1 -1 -1 92 -1 0 0 0 0
107.370010 55.560692 -1280.310547	54.502228 55.560692 -1278.464355
1 -0.034897 0.000000 -0.999391	0 0.000000 0.000000 0.000000
Replay Camera Trigger
CAMERA_ELEMENT 4
7.791678 71.667046 -1433.359253
-0.419593 -0.115313 -0.900358	0.257429 0.936056 -0.239854	0.870444 -0.332419 -0.363077
0 0.000000 1
1 1 12 0 0 3.000000 1 37.500000 0.600000
0.000000 0.000000 0.000000
c54
TRIGGER_ELEMENT 5
40.565174 56.271172 -1412.028687
-0.529919 0.000000 -0.848048	0.000000 1.000000 0.000000	0.848048 0.000000 -0.529919
6 1 1.000000 26.599998 0.250000 0.000000 200.000000 -1 -1 -1 -1 94 -1 0 0 0 0
51.844215 56.271172 -1419.076660	29.286135 56.271172 -1404.980713
1 -0.529930 0.000000 -0.848041	0 0.000000 0.000000 0.000000
Replay Camera Trigger
TRIGGER_ELEMENT 5
30.607628 55.998917 -1473.408813
-0.342020 0.000000 0.939693	0.000000 1.000000 0.000000	-0.939693 0.000000 -0.342020
6 1 1.000000 14.200000 0.250000 0.000000 200.000000 -1 -1 -1 -1 94 -1 0 0 0 0
23.935810 55.998917 -1475.837158	37.279446 55.998917 -1470.980469
1 -0.342019 0.000000 0.939693	0 0.000000 0.000000 0.000000
Replay Camera Trigger
TRIGGER_ELEMENT 5
-20.704088 55.397125 -1489.176025
0.669131 0.000000 0.743145	0.000000 1.000000 0.000000	-0.743145 0.000000 0.669131
6 1 1.000000 34.900002 0.250000 0.000000 200.000000 -1 -1 -1 -1 94 -1 0 0 0 0
-33.671967 55.397125 -1477.499756	-7.736212 55.397125 -1500.852295
1 0.669121 0.000000 0.743154	0 0.000000 0.000000 0.000000
Replay Camera Trigger
CAMERA_ELEMENT 4
-67.310974 50.305229 -1536.813354
1.000000 0.000000 0.000000	0.000000 1.000000 0.000000	0.000000 0.000000 1.000000
0 0.000000 1
1 1 11 0 0 3.000000 1 25.000000 0.800000
0.000000 0.000000 0.000000
c55
TRIGGER_ELEMENT 5
-21.849211 55.225838 -1495.935669
-0.642788 0.000000 -0.766045	0.000000 1.000000 0.000000	0.766045 0.000000 -0.642788
6 1 1.000000 49.000004 0.250000 0.000000 200.000000 -1 -1 -1 -1 98 -1 0 0 0 0
-3.081116 55.225838 -1511.683960	-40.617306 55.225838 -1480.187378
1 -0.642814 0.000000 -0.766022	0 0.000000 0.000000 0.000000
Replay Camera Trigger
CAMERA_ELEMENT 4
-34.085548 58.835701 -1953.289429
1.000000 0.000000 0.000000	0.000000 1.000000 0.000000	0.000000 0.000000 1.000000
0 0.000000 1
1 1 12 1 0 3.000000 0 37.500000 0.600000
0.000000 0.000000 0.000000
c56
TRIGGER_ELEMENT 5
-111.561638 43.292320 -1843.052979
-0.121869 0.000000 0.992546	0.000000 1.000000 0.000000	-0.992546 0.000000 -0.121869
6 1 1.000000 27.200001 0.250000 0.000000 200.000000 -1 -1 -1 -1 100 -1 0 0 0 0
-125.060265 43.292320 -1844.710449	-98.063011 43.292320 -1841.395508
2 0.121871 0.000000 -0.992546	0 0.000000 0.000000 0.000000
Replay Camera Trigger
CAMERA_ELEMENT 4
119.402336 66.127365 -2144.340576
1.000000 0.000000 0.000000	0.000000 1.000000 0.000000	0.000000 0.000000 1.000000
0 0.000000 1
1 1 12 0 0 3.000000 1 30.000000 0.600000
0.000000 0.000000 0.000000
c58
TRIGGER_ELEMENT 5
62.406582 54.638950 -2032.592651
0.642788 0.000000 -0.766044	0.000000 1.000000 0.000000	0.766044 0.000000 0.642788
6 1 1.000000 25.500000 0.250000 0.000000 200.000000 -1 -1 -1 -1 102 -1 0 0 0 0
72.173645 54.638950 -2024.397095	52.639515 54.638950 -2040.788208
1 0.642814 0.000000 -0.766022	0 0.000000 0.000000 0.000000
Replay Camera Trigger
CAMERA_ELEMENT 4
14.032295 63.261391 -2007.287109
1.000000 0.000000 0.000000	0.000000 1.000000 0.000000	0.000000 0.000000 1.000000
0 0.000000 1
1 1 12 0 0 3.000000 1 37.500000 0.600000
0.000000 0.000000 0.000000
c57
TRIGGER_ELEMENT 5
12.601274 53.205357 -1982.062256
0.707107 0.000000 -0.707107	0.000000 1.000000 0.000000	0.707107 0.000000 0.707107
6 1 1.000000 26.500000 0.250000 0.000000 200.000000 -1 -1 -1 -1 104 -1 0 0 0 0
21.970438 53.205357 -1972.693115	3.232111 53.205357 -1991.431396
1 0.707083 0.000000 -0.707130	0 0.000000 0.000000 0.000000
Replay Camera Trigger
TRIGGER_ELEMENT 5
40.247787 53.345341 -1974.122070
-0.173648 0.000000 -0.984808	0.000000 1.000000 0.000000	0.984808 0.000000 -0.173648
6 1 1.000000 12.700000 0.250000 0.000000 200.000000 -1 -1 -1 -1 104 -1 0 0 0 0
46.501316 53.345341 -1975.224731	33.994259 53.345341 -1973.019409
1 -0.173639 0.000000 -0.984809	0 0.000000 0.000000 0.000000
Replay Camera Trigger
TRIGGER_ELEMENT 5
34.792080 54.219013 -2037.509644
0.224951 0.000000 0.974370	0.000000 1.000000 0.000000	-0.974370 0.000000 0.224951
6 1 1.000000 14.000000 0.250000 0.000000 200.000000 -1 -1 -1 -1 104 -1 0 0 0 0
27.971489 54.219013 -2035.934937	41.612671 54.219013 -2039.084351
1 0.224954 0.000000 0.974369	0 0.000000 0.000000 0.000000
Replay Camera Trigger
CAMERA_ELEMENT 4
314.544312 70.363213 -2298.068115
1.000000 0.000000 0.000000	0.000000 1.000000 0.000000	0.000000 0.000000 1.000000
0 0.000000 1
1 1 12 1 0 7.000000 0 37.500000 0.600000
0.000000 0.000000 0.000000
c59
TRIGGER_ELEMENT 5
275.667358 69.763519 -2172.759277
-0.766044 0.000000 0.642788	0.000000 1.000000 0.000000	-0.642788 0.000000 -0.766044
6 1 1.000000 31.300003 0.250000 0.000000 200.000000 -1 -1 -1 -1 108 -1 0 0 0 0
265.607727 69.763519 -2184.747803	285.726990 69.763519 -2160.770752
2 0.766031 0.000000 -0.642804	0 0.000000 0.000000 0.000000
Replay Camera Trigger
CAMERA_ELEMENT 4
266.529694 70.370132 -2575.922363
1.000000 0.000000 0.000000	0.000000 1.000000 0.000000	0.000000 0.000000 1.000000
0 0.000000 1
1 1 12 1 0 4.000000 0 37.500000 0.600000
0.000000 0.000000 0.000000
c60
TRIGGER_ELEMENT 5
246.868546 60.171963 -2408.510254
-0.374606 0.000000 -0.927184	0.000000 1.000000 0.000000	0.927184 0.000000 -0.374606
6 1 1.000000 24.600000 0.250000 0.000000 200.000000 -1 -1 -1 -1 110 -1 0 0 0 0
258.272919 60.171963 -2413.117920	235.464188 60.171963 -2403.902588
1 -0.374582 0.000000 -0.927194	0 0.000000 0.000000 0.000000
Replay Camera Trigger
CAMERA_ELEMENT 4
245.223175 61.441921 -2749.412598
1.000000 0.000000 0.000000	0.000000 1.000000 0.000000	0.000000 0.000000 1.000000
0 0.000000 1
1 1 12 1 0 5.000000 0 37.500000 0.600000
0.000000 0.000000 0.000000
c61
TRIGGER_ELEMENT 5
287.504242 52.573814 -2637.811035
0.224951 0.000000 -0.974370	0.000000 1.000000 0.000000	0.974370 0.000000 0.224951
6 1 1.000000 20.700001 0.250000 0.000000 200.000000 -1 -1 -1 -1 112 -1 0 0 0 0
297.588959 52.573814 -2635.482910	277.419525 52.573814 -2640.139160
1 0.224946 0.000000 -0.974371	0 0.000000 0.000000 0.000000
Replay Camera Trigger
CAMERA_ELEMENT 4
170.306656 58.585434 -2935.698242
1.000000 0.000000 0.000000	0.000000 1.000000 0.000000	0.000000 0.000000 1.000000
1 3.000000 1
1 1 12 1 0 6.000000 0 37.500000 0.600000
0.000000 0.000000 0.000000
c62
TRIGGER_ELEMENT 5
223.501404 59.327866 -2828.318604
0.500000 0.000000 0.866025	0.000000 1.000000 0.000000	-0.866025 0.000000 0.500000
6 1 1.000000 24.299999 0.250000 0.000000 200.000000 -1 -1 -1 -1 114 -1 0 0 0 0
212.979202 59.327866 -2822.243652	234.023605 59.327866 -2834.393555
2 -0.500025 0.000000 -0.866011	0 0.000000 0.000000 0.000000
Replay Camera Trigger
CAMERA_ELEMENT 4
-26.557610 56.885155 -2989.811523
1.000000 0.000000 0.000000	0.000000 1.000000 0.000000	0.000000 0.000000 1.000000
0 0.000000 1
1 1 12 1 0 5.000000 0 37.500000 0.600000
0.000000 0.000000 0.000000
c63
TRIGGER_ELEMENT 5
84.177643 56.228462 -2945.950195
-0.994522 0.000000 -0.104529	0.000000 1.000000 0.000000	0.104529 0.000000 -0.994522
6 1 1.000000 49.100002 0.250000 0.000000 200.000000 -1 -1 -1 -1 116 -1 0 0 0 0
86.743828 56.228462 -2970.365723	81.611458 56.228462 -2921.534668
1 -0.994526 0.000000 -0.104493	0 0.000000 0.000000 0.000000
Replay Camera Trigger
CAMERA_ELEMENT 4
-93.656097 59.455135 -3023.492920
1.000000 0.000000 0.000000	0.000000 1.000000 0.000000	0.000000 0.000000 1.000000
0 0.000000 1
1 1 12 0 0 3.000000 1 20.000000 0.600000
0.000000 0.000000 0.000000
c64
TRIGGER_ELEMENT 5
-80.213898 51.061573 -2997.450439
-0.139173 0.000000 -0.990268	0.000000 1.000000 0.000000	0.990268 0.000000 -0.139173
6 1 1.000000 24.799999 0.250000 0.000000 200.000000 -1 -1 -1 -1 118 -1 0 0 0 0
-67.934570 51.061573 -2999.176270	-92.493225 51.061573 -2995.724609
1 -0.139180 0.000000 -0.990267	0 0.000000 0.000000 0.000000
Replay Camera Trigger
TRIGGER_ELEMENT 5
-58.477875 50.535049 -3020.257568
-0.866025 0.000000 -0.500000	0.000000 1.000000 0.000000	0.500000 0.000000 -0.866025
6 1 1.000000 29.399998 0.250000 0.000000 200.000000 -1 -1 -1 -1 118 -1 0 0 0 0
-51.127872 50.535049 -3032.988037	-65.827881 50.535049 -3007.527100
1 -0.866025 0.000000 -0.500001	0 0.000000 0.000000 0.000000
Replay Camera Trigger
TRIGGER_ELEMENT 5
-95.327538 49.689140 -3065.943604
0.121870 0.000000 0.992546	0.000000 1.000000 0.000000	-0.992546 0.000000 0.121870
6 1 1.000000 32.299999 0.250000 0.000000 200.000000 -1 -1 -1 -1 118 -1 0 0 0 0
-111.357162 49.689140 -3063.975342	-79.297913 49.689140 -3067.911865
1 0.121886 0.000000 0.992544	0 0.000000 0.000000 0.000000
Replay Camera Trigger
TRIGGER_ELEMENT 5
-56.575447 50.578560 -3019.046143
0.866025 0.000000 0.500000	0.000000 1.000000 0.000000	-0.500000 0.000000 0.866025
6 1 1.000000 34.999996 0.250000 0.000000 200.000000 -1 -1 -1 -1 118 -1 0 0 0 0
-65.325447 50.578560 -3003.890625	-47.825447 50.578560 -3034.201660
1 0.866025 0.000000 0.500001	0 0.000000 0.000000 0.000000
Replay Camera Trigger
TRIGGER_ELEMENT 5
86.351616 56.228462 -2946.292969
0.996195 0.000000 0.087156	0.000000 1.000000 0.000000	-0.087156 0.000000 0.996195
6 1 1.000000 53.900002 0.250000 0.000000 200.000000 -1 -1 -1 -1 114 -1 0 0 0 0
84.002769 56.228462 -2919.445557	88.700462 56.228462 -2973.140381
1 0.996194 0.000000 0.087158	0 0.000000 0.000000 0.000000
Replay Camera Trigger
TRIGGER_ELEMENT 5
218.920670 59.443722 -2835.467285
0.615662 0.000000 0.788011	0.000000 1.000000 0.000000	-0.788011 0.000000 0.615662
6 1 1.000000 21.900000 0.250000 0.000000 200.000000 -1 -1 -1 -1 112 -1 0 0 0 0
210.291946 59.443722 -2828.725830	227.549393 59.443722 -2842.208740
1 0.615625 0.000000 0.788039	0 0.000000 0.000000 0.000000
Replay Camera Trigger
TRIGGER_ELEMENT 5
286.163208 52.054832 -2642.307373
-0.258819 0.000000 0.965926	0.000000 1.000000 0.000000	-0.965926 0.000000 -0.258819
6 1 1.000000 37.400002 0.250000 0.000000 200.000000 -1 -1 -1 -1 110 -1 0 0 0 0
268.100403 52.054832 -2647.147217	304.226013 52.054832 -2637.467529
1 -0.258846 0.000000 0.965919	0 0.000000 0.000000 0.000000
Replay Camera Trigger
TRIGGER_ELEMENT 5
247.919785 60.304546 -2407.008057
0.422618 0.000000 0.906308	0.000000 1.000000 0.000000	-0.906308 0.000000 0.422618
6 1 1.000000 27.400000 0.250000 0.000000 200.000000 -1 -1 -1 -1 108 -1 0 0 0 0
235.503372 60.304546 -2401.218262	260.336212 60.304546 -2412.797852
1 0.422644 0.000000 0.906296	0 0.000000 0.000000 0.000000
Replay Camera Trigger
TRIGGER_ELEMENT 5
269.923553 69.305656 -2172.080566
-0.766044 0.000000 0.642788	0.000000 1.000000 0.000000	-0.642788 0.000000 -0.766044
6 1 1.000000 36.000000 0.250000 0.000000 200.000000 -1 -1 -1 -1 102 -1 0 0 0 0
258.353363 69.305656 -2185.869385	281.493744 69.305656 -2158.291748
1 -0.766031 0.000000 0.642804	0 0.000000 0.000000 0.000000
Replay Camera Trigger
TRIGGER_ELEMENT 5
60.950504 54.601460 -2031.779785
