TRIGGER_ELEMENT 5
2317.091797 61.593151 1784.802490
0.754710 0.000000 0.656059	0.000000 1.000000 0.000000	-0.656059 0.000000 0.754710
2 0 1.000000 3.000000 0.250000 0.000000 200.000000 0 -1 -1 0 -1 1 0 0 0 0
2316.107666 61.593151 1785.934570	2318.075928 61.593151 1783.670410
0 0.000000 0.000000 0.000000	2 0.656003 0.000000 -0.754758

GEOM_ELEMENT 5
2533.997559 -0.296210 -947.807861
1.000000 -0.000646 -0.000012	0.000647 0.999819 0.019007	0.000000 -0.019007 0.999819
1 827806273 0 0 -1 1 1 100.000000 100.000000 100.000000
af
TRIGGER_ELEMENT 5
2533.706299 -0.289294 -948.161743
1.000000 0.000000 0.000000	0.000000 1.000000 0.000000	0.000000 0.000000 1.000000
1 0 9.500000 3.000000 0.250000 0.000000 200.000000 1 -1 -1 1 -1 -1 0 1 0 0
2533.706299 -0.289294 -946.661743	2533.706299 -0.289294 -949.661743
0 0.000000 0.000000 0.000000	0 0.000000 0.000000 0.000000

GEOM_ELEMENT 5
2209.805908 16.976009 -1057.967163
-0.321454 -0.004069 0.946916	0.158477 0.985656 0.058034	-0.933570 0.168719 -0.316198
0 1464094277 0 0 -1 1 1 137.500000 137.500000 137.500000
Geometry Element
GEOM_ELEMENT 5
2152.641846 72.014915 1858.451782
-0.308948 0.000263 0.951079	0.021105 0.999756 0.006580	-0.950845 0.022105 -0.308878
0 1464094277 0 0 -1 1 1 100.000000 100.000000 100.000000
Geometry Element
GEOM_ELEMENT 5
2148.615723 72.031677 1868.869385
-0.341943 0.001076 0.939720	0.021157 0.999755 0.006554	-0.939482 0.022122 -0.341882
0 1464094277 0 0 -1 1 1 100.000000 100.000000 100.000000
Geometry Element
GEOM_ELEMENT 5
2143.734863 72.013580 1887.483398
-0.469363 0.004187 0.882995	0.021567 0.999745 0.006723	-0.882742 0.022199 -0.469333
0 1464094277 0 0 -1 1 1 100.000000 100.000000 100.000000
Geometry Element
GEOM_ELEMENT 5
2144.970703 72.040710 1879.430908
-0.308946 0.000306 0.951079	0.021487 0.999747 0.006658	-0.950837 0.022492 -0.308874
0 1464094277 0 0 -1 1 1 100.000000 100.000000 100.000000
Geometry Element
