TRIGGER_ELEMENT 5
2318.579590 61.411659 1783.016357
0.669131 0.000000 -0.743145	0.000000 1.000000 0.000000	0.743145 0.000000 0.669131
2 0 1.000000 3.000000 0.250000 0.000000 200.000000 0 -1 -1 0 -1 -1 0 0 0 0
2319.694336 61.411659 1784.020020	2317.464844 61.411659 1782.012695
0 0.000000 0.000000 0.000000	1 0.669154 0.000000 -0.743124

TRIGGER_ELEMENT 5
-106.876282 160.845093 -361.175140
0.945519 0.000000 -0.325568	0.000000 1.000000 0.000000	0.325568 0.000000 0.945519
1 1 1.000000 45.800003 0.250000 0.000000 200.000000 1 -1 -1 1 -1 -1 0 0 0 0
-99.420769 160.845093 -339.522766	-114.331795 160.845093 -382.827515
0 0.000000 0.000000 0.000000	0 0.000000 0.000000 0.000000

GEOM_ELEMENT 5
-113.010773 161.228104 -372.580719
0.933869 -0.111020 -0.339947	0.111162 0.993618 -0.019124	0.339900 -0.019930 0.940250
0 1213419078 0 0 -1 1 1 100.000000 100.000000 100.000000
Geometry Element
GEOM_ELEMENT 5
-111.001312 161.136795 -366.774933
0.940645 -0.103685 -0.323165	0.101399 0.994557 -0.023951	0.323890 -0.010239 0.946039
0 1213419078 0 0 -1 1 1 100.000000 100.000000 100.000000
Geometry Element
GEOM_ELEMENT 5
-109.033493 161.050812 -361.113953
0.952041 -0.096398 -0.290386	0.094317 0.995317 -0.021188	0.291068 -0.007216 0.956675
0 1213419078 0 0 -1 1 1 100.000000 100.000000 100.000000
Geometry Element
GEOM_ELEMENT 5
-107.414665 160.991898 -355.399261
0.952686 -0.088464 -0.290796	0.086905 0.996048 -0.018297	0.291265 -0.007840 0.956610
0 1213419078 0 0 -1 1 1 100.000000 100.000000 100.000000
Geometry Element
