CAMERA_ELEMENT 4
76.527756 157.755386 -398.623505
1.000000 0.000000 0.000000	0.000000 1.000000 0.000000	0.000000 0.000000 1.000000
0 0.000000 1
1 1 12 1 1 4.000000 0 37.500000 0.600000
0.000000 0.000000 0.000000
c1
CAMERA_ELEMENT 4
213.506516 162.956848 -535.683228
1.000000 0.000000 0.000000	0.000000 1.000000 0.000000	0.000000 0.000000 1.000000
0 0.000000 1
1 1 12 1 0 2.000000 0 37.500000 0.600000
0.000000 0.000000 0.000000
c2
TRIGGER_ELEMENT 5
194.426773 157.944092 -497.747864
0.438371 0.000000 -0.898794	0.000000 1.000000 0.000000	0.898794 0.000000 0.438371
6 1 1.000000 53.200001 0.250000 0.000000 200.000000 -1 -1 -1 -1 1 -1 0 0 0 0
218.334702 157.944092 -486.087189	170.518845 157.944092 -509.408539
1 0.438366 0.000000 -0.898796	0 0.000000 0.000000 0.000000
Replay Camera Trigger
CAMERA_ELEMENT 4
219.570648 142.694626 -717.586487
1.000000 0.000000 0.000000	0.000000 1.000000 0.000000	0.000000 0.000000 1.000000
0 0.000000 0
1 1 12 0 0 3.000000 1 37.500000 0.600000
0.000000 0.000000 0.000000
c3
TRIGGER_ELEMENT 5
204.608582 152.596878 -603.966553
0.104528 0.000000 -0.994522	0.000000 1.000000 0.000000	0.994522 0.000000 0.104528
6 1 1.000000 44.400002 0.250000 0.000000 200.000000 -1 -1 -1 -1 3 -1 0 0 0 0
226.686966 152.596878 -601.645996	182.530197 152.596878 -606.287109
1 0.104524 0.000000 -0.994522	0 0.000000 0.000000 0.000000
Replay Camera Trigger
CAMERA_ELEMENT 4
115.511276 125.176247 -799.593384
1.000000 0.000000 0.000000	0.000000 1.000000 0.000000	0.000000 0.000000 1.000000
0 0.000000 1
1 1 12 1 0 3.000000 0 37.500000 0.600000
0.000000 0.000000 0.000000
c4
TRIGGER_ELEMENT 5
202.192169 138.831085 -721.901917
-0.500000 0.000000 -0.866026	0.000000 1.000000 0.000000	0.866026 0.000000 -0.500000
6 1 1.000000 38.600002 0.250000 0.000000 200.000000 -1 -1 -1 -1 5 -1 0 0 0 0
218.906464 138.831085 -731.551941	185.477875 138.831085 -712.251892
1 -0.499999 0.000000 -0.866026	0 0.000000 0.000000 0.000000
Replay Camera Trigger
CAMERA_ELEMENT 4
140.708115 99.753456 -998.612061
1.000000 0.000000 0.000000	0.000000 1.000000 0.000000	0.000000 0.000000 1.000000
0 0.000000 1
1 1 12 0 0 3.000000 1 37.500000 0.600000
0.000000 0.000000 0.000000
c5
TRIGGER_ELEMENT 5
94.986969 107.329895 -900.174194
-0.069756 0.000000 -0.997564	0.000000 1.000000 0.000000	0.997564 0.000000 -0.069756
6 1 1.000000 30.400002 0.250000 0.000000 200.000000 -1 -1 -1 -1 7 -1 0 0 0 0
110.149940 107.329895 -901.234497	79.823997 107.329895 -899.113892
1 -0.069756 0.000000 -0.997564	0 0.000000 0.000000 0.000000
Replay Camera Trigger
CAMERA_ELEMENT 4
359.623230 80.164246 -1140.107544
1.000000 0.000000 0.000000	0.000000 1.000000 0.000000	0.000000 0.000000 1.000000
0 0.000000 1
1 1 12 1 0 2.000000 0 37.500000 0.600000
0.000000 0.000000 0.000000
c6
TRIGGER_ELEMENT 5
234.764359 88.489594 -1083.982666
-0.906308 0.000000 0.422619	0.000000 1.000000 0.000000	-0.422619 0.000000 -0.906308
6 1 1.000000 32.299999 0.250000 0.000000 200.000000 -1 -1 -1 -1 9 -1 0 0 0 0
227.939072 88.489594 -1098.619507	241.589645 88.489594 -1069.345825
2 0.906312 0.000000 -0.422608	0 0.000000 0.000000 0.000000
Replay Camera Trigger
CAMERA_ELEMENT 4
646.099548 33.568600 -1098.642822
1.000000 0.000000 0.000000	0.000000 1.000000 0.000000	0.000000 0.000000 1.000000
0 0.000000 1
1 1 11 0 0 3.000000 0 37.500000 0.600000
0.000000 0.000000 0.000000
c7
TRIGGER_ELEMENT 5
596.376587 38.371014 -1035.055176
0.920505 0.000000 -0.390731	0.000000 1.000000 0.000000	0.390731 0.000000 0.920505
6 1 1.000000 27.900002 0.250000 0.000000 200.000000 -1 -1 -1 -1 11 -1 0 0 0 0
601.827271 38.371014 -1022.214111	590.925903 38.371014 -1047.896240
1 0.920503 0.000000 -0.390735	0 0.000000 0.000000 0.000000
Replay Camera Trigger
CAMERA_ELEMENT 4
851.367126 21.470236 -950.263672
1.000000 0.000000 0.000000	0.000000 1.000000 0.000000	0.000000 0.000000 1.000000
0 0.000000 1
1 1 12 0 0 3.000000 1 20.000000 0.600000
0.000000 0.000000 0.000000
c8
TRIGGER_ELEMENT 5
807.020813 28.971445 -1081.012329
0.707107 0.000000 0.707107	0.000000 1.000000 0.000000	-0.707107 0.000000 0.707107
6 1 1.000000 32.000000 0.250000 0.000000 200.000000 -1 -1 -1 -1 13 -1 0 0 0 0
795.707092 28.971445 -1069.698608	818.334534 28.971445 -1092.326050
1 0.707076 0.000000 0.707137	0 0.000000 0.000000 0.000000
Replay Camera Trigger
CAMERA_ELEMENT 4
1082.098389 3.794623 -1104.402710
1.000000 0.000000 0.000000	0.000000 1.000000 0.000000	0.000000 0.000000 1.000000
0 0.000000 1
1 1 12 1 0 4.000000 0 37.500000 0.600000
0.000000 0.000000 0.000000
c9
TRIGGER_ELEMENT 5
1022.569519 10.035382 -1011.882874
-0.052336 0.000000 -0.998630	0.000000 1.000000 0.000000	0.998630 0.000000 -0.052336
6 1 1.000000 29.600002 0.250000 0.000000 200.000000 -1 -1 -1 -1 15 -1 0 0 0 0
1037.349243 10.035382 -1012.657471	1007.789795 10.035382 -1011.108276
1 -0.052306 0.000000 -0.998631	0 0.000000 0.000000 0.000000
Replay Camera Trigger
CAMERA_ELEMENT 4
1451.447632 14.864046 -1000.729675
1.000000 0.000000 0.000000	0.000000 1.000000 0.000000	0.000000 0.000000 1.000000
0 0.000000 1
1 1 12 1 0 6.000000 0 37.500000 0.600000
0.000000 0.000000 0.000000
c10
TRIGGER_ELEMENT 5
1339.735229 1.650448 -1046.135254
-0.956304 0.000000 -0.292372	0.000000 1.000000 0.000000	0.292372 0.000000 -0.956304
6 1 1.000000 32.500000 0.250000 0.000000 200.000000 -1 -1 -1 -1 17 -1 0 0 0 0
1344.486328 1.650448 -1061.675171	1334.984131 1.650448 -1030.595337
2 0.956308 0.000000 0.292361	0 0.000000 0.000000 0.000000
Replay Camera Trigger
CAMERA_ELEMENT 4
1527.828735 13.159865 -776.358887
0.435981 0.014385 -0.899841	0.076408 0.995671 0.052937	0.896706 -0.091834 0.432994
0 0.000000 0
1 1 12 0 0 3.000000 1 45.000000 0.600000
0.000000 0.000000 0.000000
c11
TRIGGER_ELEMENT 5
1517.328247 11.039303 -824.788635
0.438371 0.000000 0.898794	0.000000 1.000000 0.000000	-0.898794 0.000000 0.438371
6 1 1.000000 26.000000 0.250000 0.000000 200.000000 -1 -1 -1 -1 19 -1 0 0 0 0
1505.643921 11.039303 -819.089783	1529.012573 11.039303 -830.487488
1 0.438354 0.000000 0.898802	0 0.000000 0.000000 0.000000
Replay Camera Trigger
CAMERA_ELEMENT 4
1836.594238 27.120232 -901.439819
0.698126 -0.007589 0.715935	-0.163645 0.971783 0.169876	-0.697023 -0.235754 0.677185
0 0.000000 1
1 1 12 1 0 5.000000 0 37.500000 0.600000
0.000000 0.000000 0.000000
c12
TRIGGER_ELEMENT 5
1763.357666 14.149766 -775.997314
0.615661 0.000000 -0.788011	0.000000 1.000000 0.000000	0.788011 0.000000 0.615661
6 1 1.000000 25.700001 0.250000 0.000000 200.000000 -1 -1 -1 -1 21 -1 0 0 0 0
1773.483643 14.149766 -768.086060	1753.231689 14.149766 -783.908569
1 0.615617 0.000000 -0.788046	0 0.000000 0.000000 0.000000
Replay Camera Trigger
CAMERA_ELEMENT 4
2054.847412 48.559025 -1101.389648
1.000000 0.000000 0.000000	0.000000 1.000000 0.000000	0.000000 0.000000 1.000000
0 0.000000 1
1 1 12 1 0 4.000000 0 37.500000 0.600000
0.000000 0.000000 0.000000
c13
TRIGGER_ELEMENT 5
1928.132935 37.574646 -1028.675415
0.819152 0.000000 -0.573576	0.000000 1.000000 0.000000	0.573576 0.000000 0.819152
6 1 1.000000 30.699999 0.250000 0.000000 200.000000 -1 -1 -1 -1 23 -1 0 0 0 0
1936.937378 37.574646 -1016.101440	1919.328491 37.574646 -1041.249390
1 0.819117 0.000000 -0.573626	0 0.000000 0.000000 0.000000
Replay Camera Trigger
CAMERA_ELEMENT 4
2293.340332 10.003304 -1036.763550
-0.345366 0.068224 -0.935984	-0.015355 0.996810 0.078324	0.938341 0.041423 -0.343217
0 0.000000 1
1 1 12 0 0 3.000000 1 50.000000 0.600000
0.000000 0.000000 0.000000
c14
TRIGGER_ELEMENT 5
2196.181641 19.608910 -1059.407104
0.956305 0.000000 0.292372	0.000000 1.000000 0.000000	-0.292372 0.000000 0.956305
6 1 1.000000 21.200001 0.250000 0.000000 200.000000 -1 -1 -1 -1 25 -1 0 0 0 0
2193.082520 19.608910 -1049.270264	2199.280762 19.608910 -1069.543945
1 0.956308 0.000000 0.292361	0 0.000000 0.000000 0.000000
Replay Camera Trigger
CAMERA_ELEMENT 4
2431.942871 5.841172 -1072.250122
0.562696 0.002167 0.826661	0.182866 0.974897 -0.127030	-0.806184 0.222648 0.548174
0 0.000000 1
1 1 12 1 0 3.000000 0 37.500000 0.600000
0.000000 0.000000 0.000000
c15
TRIGGER_ELEMENT 5
2357.779785 9.526990 -1061.260742
0.984808 0.000000 -0.173648	0.000000 1.000000 0.000000	0.173648 0.000000 0.984808
6 1 1.000000 42.000000 0.250000 0.000000 200.000000 -1 -1 -1 -1 27 -1 0 0 0 0
2361.426514 9.526990 -1040.579834	2354.133057 9.526990 -1081.941650
1 0.984800 0.000000 -0.173695	0 0.000000 0.000000 0.000000
Replay Camera Trigger
CAMERA_ELEMENT 4
2545.908447 4.594149 -931.742432
-0.932899 -0.085549 0.349829	-0.116846 0.990728 -0.069319	-0.340655 -0.105544 -0.934245
0 0.000000 1
1 1 12 0 0 3.000000 1 20.000000 0.600000
0.000000 0.000000 0.000000
c16
TRIGGER_ELEMENT 5
2503.052979 -0.244553 -1024.014648
0.681998 0.000000 0.731354	0.000000 1.000000 0.000000	-0.731354 0.000000 0.681998
6 1 1.000000 34.399998 0.250000 0.000000 200.000000 -1 -1 -1 -1 29 -1 0 0 0 0
2490.473633 -0.244553 -1012.284302	2515.632324 -0.244553 -1035.744995
1 0.681953 0.000000 0.731396	0 0.000000 0.000000 0.000000
Replay Camera Trigger
CAMERA_ELEMENT 4
2747.460693 15.028842 -799.169983
0.424009 -0.167933 0.889952	-0.011709 0.981559 0.190798	-0.905582 -0.091320 0.414224
0 0.000000 1
1 1 12 0 0 3.000000 1 25.000000 0.600000
0.000000 0.000000 0.000000
c17
TRIGGER_ELEMENT 5
2670.573486 4.734940 -749.266174
0.984808 0.000000 -0.173648	0.000000 1.000000 0.000000	0.173648 0.000000 0.984808
6 1 1.000000 25.400000 0.250000 0.000000 200.000000 -1 -1 -1 -1 31 -1 0 0 0 0
2672.778809 4.734940 -736.759094	2668.368164 4.734940 -761.773254
1 0.984810 0.000000 -0.173636	0 0.000000 0.000000 0.000000
Replay Camera Trigger
CAMERA_ELEMENT 4
2887.914063 40.306507 -583.075500
-0.849346 0.229151 0.475502	0.218117 0.972707 -0.079160	-0.480664 0.036480 -0.876146
0 0.000000 1
1 1 12 0 0 4.000000 1 37.500000 0.600000
0.000000 0.000000 0.000000
c18
TRIGGER_ELEMENT 5
2779.069824 7.436904 -765.744568
0.838671 0.000000 0.544639	0.000000 1.000000 0.000000	-0.544639 0.000000 0.838671
6 1 1.000000 30.200001 0.250000 0.000000 200.000000 -1 -1 -1 -1 33 -1 0 0 0 0
2770.845703 7.436904 -753.080627	2787.293945 7.436904 -778.408508
1 0.838667 0.000000 0.544645	0 0.000000 0.000000 0.000000
Replay Camera Trigger
CAMERA_ELEMENT 4
3043.403076 17.986507 -368.473053
1.000000 0.000000 0.000000	0.000000 1.000000 0.000000	0.000000 0.000000 1.000000
0 0.000000 1
1 1 12 1 0 4.000000 0 37.500000 0.600000
0.000000 0.000000 0.000000
c19
TRIGGER_ELEMENT 5
3030.872559 13.712365 -513.281372
0.601815 0.000000 0.798635	0.000000 1.000000 0.000000	-0.798635 0.000000 0.601815
6 1 1.000000 39.200001 0.250000 0.000000 200.000000 -1 -1 -1 -1 35 -1 0 0 0 0
3015.219238 13.712365 -501.485809	3046.525879 13.712365 -525.076965
1 0.601805 0.000000 0.798643	0 0.000000 0.000000 0.000000
Replay Camera Trigger
CAMERA_ELEMENT 4
3056.253174 12.026889 -185.396255
-0.005183 0.020428 -0.999778	-0.075407 0.996937 0.020761	0.997139 0.075497 -0.003626
0 0.000000 0
1 1 12 0 0 3.000000 1 37.500000 0.600000
0.000000 0.000000 0.000000
c20
TRIGGER_ELEMENT 5
3051.771240 9.210553 -175.493408
1.000000 0.000000 0.000000	0.000000 1.000000 0.000000	0.000000 0.000000 1.000000
6 1 1.000000 28.200001 0.250000 0.000000 200.000000 -1 -1 -1 -1 37 -1 0 0 0 0
3051.771240 9.210553 -161.393402	3051.771240 9.210553 -189.593414
1 1.000000 0.000000 0.000000	0 0.000000 0.000000 0.000000
Replay Camera Trigger
CAMERA_ELEMENT 4
3218.355225 10.922664 -34.948662
1.000000 0.000000 0.000000	0.000000 1.000000 0.000000	0.000000 0.000000 1.000000
0 0.000000 1
1 1 12 0 0 3.000000 1 37.500000 0.600000
0.000000 0.000000 0.000000
c21
TRIGGER_ELEMENT 5
3180.255615 6.807065 -150.070236
0.707107 0.000000 0.707107	0.000000 1.000000 0.000000	-0.707107 0.000000 0.707107
6 1 1.000000 40.900002 0.250000 0.000000 200.000000 -1 -1 -1 -1 39 -1 0 0 0 0
3165.795166 6.807065 -135.609909	3194.716064 6.807065 -164.530563
1 0.707069 0.000000 0.707145	0 0.000000 0.000000 0.000000
Replay Camera Trigger
CAMERA_ELEMENT 4
2959.364990 21.452721 413.353638
-0.764118 0.056722 -0.642577	0.046684 0.998377 0.032616	0.643384 -0.005075 -0.765526
0 0.000000 1
1 1 12 1 0 3.000000 0 37.500000 0.600000
0.000000 0.000000 0.000000
c22
TRIGGER_ELEMENT 5
3151.493896 -4.418603 163.579483
-0.258819 0.000000 0.965926	0.000000 1.000000 0.000000	-0.965926 0.000000 -0.258819
6 1 1.000000 50.500004 0.250000 0.000000 200.000000 -1 -1 -1 -1 41 -1 0 0 0 0
3127.104248 -4.418603 157.044296	3175.883545 -4.418603 170.114670
1 -0.258791 0.000000 0.965933	0 0.000000 0.000000 0.000000
Replay Camera Trigger
CAMERA_ELEMENT 4
2911.692871 20.788094 640.219604
1.000000 0.000000 0.000000	0.000000 1.000000 0.000000	0.000000 0.000000 1.000000
0 0.000000 1
1 1 11 1 0 4.000000 0 37.500000 0.800000
0.000000 0.000000 0.000000
c23
TRIGGER_ELEMENT 5
2931.695068 18.266161 540.547119
-0.207912 0.000000 0.978148	0.000000 1.000000 0.000000	-0.978148 0.000000 -0.207912
6 1 1.000000 44.100002 0.250000 0.000000 200.000000 -1 -1 -1 -1 43 -1 0 0 0 0
2910.126953 18.266161 535.962646	2953.263184 18.266161 545.131592
1 -0.208003 0.000000 0.978128	0 0.000000 0.000000 0.000000
Replay Camera Trigger
CAMERA_ELEMENT 4
2696.731201 36.221626 1081.976196
0.762353 -0.270333 0.587994	0.270545 0.958500 0.089905	-0.587897 0.090540 0.803853
1 4.000000 1
1 1 12 1 0 4.000000 1 37.500000 0.600000
0.000000 0.000000 0.000000
c24
TRIGGER_ELEMENT 5
2659.327393 13.336027 890.678833
0.104529 0.000000 0.994522	0.000000 1.000000 0.000000	-0.994522 0.000000 0.104529
6 1 1.000000 68.300003 0.250000 0.000000 200.000000 -1 -1 -1 -1 45 -1 0 0 0 0
2625.364502 13.336027 894.248474	2693.290283 13.336027 887.109192
1 0.104494 0.000000 0.994525	0 0.000000 0.000000 0.000000
Replay Camera Trigger
CAMERA_ELEMENT 4
2463.619141 10.588261 1309.593384
0.998726 -0.049751 0.008398	0.049689 0.998737 0.007426	-0.008757 -0.006999 0.999937
0 0.000000 1
1 1 12 0 0 4.000000 1 37.500000 0.600000
0.000000 0.000000 0.000000
c25
TRIGGER_ELEMENT 5
2594.493408 15.731843 1230.577759
-0.788011 0.000000 0.615662	0.000000 1.000000 0.000000	-0.615662 0.000000 -0.788011
6 1 1.000000 57.800003 0.250000 0.000000 200.000000 -1 -1 -1 -1 47 -1 0 0 0 0
2576.700684 15.731843 1207.804199	2612.286133 15.731843 1253.351318
1 -0.788069 0.000000 0.615587	0 0.000000 0.000000 0.000000
Replay Camera Trigger
CAMERA_ELEMENT 4
2473.232178 42.081783 1541.234863
0.927203 0.009033 0.374450	0.004253 0.999391 -0.034639	-0.374535 0.033710 0.926600
0 0.000000 1
1 1 12 1 2 6.000000 0 37.500000 0.600000
0.000000 0.000000 0.000000
c26
TRIGGER_ELEMENT 5
2453.035400 23.319706 1415.190063
0.139173 0.000000 0.990268	0.000000 1.000000 0.000000	-0.990268 0.000000 0.139173
6 1 1.000000 23.200001 0.250000 0.000000 200.000000 -1 -1 -1 -1 49 -1 0 0 0 0
2441.548340 23.319706 1416.804443	2464.522461 23.319706 1413.575684
1 0.139165 0.000000 0.990269	0 0.000000 0.000000 0.000000
Replay Camera Trigger
CAMERA_ELEMENT 4
2328.621826 81.686501 1798.777588
1.000000 0.000000 0.000000	0.000000 1.000000 0.000000	0.000000 0.000000 1.000000
0 0.000000 1
1 1 12 1 0 3.000000 0 37.500000 0.600000
0.000000 0.000000 0.000000
c27
TRIGGER_ELEMENT 5
2437.309082 41.203091 1611.138306
-0.529919 0.000000 0.848048	0.000000 1.000000 0.000000	-0.848048 0.000000 -0.529919
6 1 1.000000 57.299999 0.250000 0.000000 200.000000 -1 -1 -1 -1 51 -1 0 0 0 0
2413.012451 41.203091 1595.956177	2461.605713 41.203091 1626.320435
1 -0.530010 0.000000 0.847991	0 0.000000 0.000000 0.000000
Replay Camera Trigger
TRIGGER_ELEMENT 5
2459.058105 24.483980 1447.935913
-0.156434 0.000000 -0.987688	0.000000 1.000000 0.000000	0.987688 0.000000 -0.156434
6 1 1.000000 25.700001 0.250000 0.000000 200.000000 -1 -1 -1 -1 47 -1 0 0 0 0
2471.750000 24.483980 1445.925781	2446.366211 24.483980 1449.946045
1 -0.156495 0.000000 -0.987679	0 0.000000 0.000000 0.000000
Replay Camera Trigger
TRIGGER_ELEMENT 5
2598.212158 16.123310 1228.161987
0.788011 0.000000 -0.615661	0.000000 1.000000 0.000000	0.615661 0.000000 0.788011
6 1 1.000000 63.000000 0.250000 0.000000 200.000000 -1 -1 -1 -1 45 -1 0 0 0 0
2617.605469 16.123310 1252.984375	2578.818848 16.123310 1203.339600
1 0.788069 0.000000 -0.615587	0 0.000000 0.000000 0.000000
Replay Camera Trigger
TRIGGER_ELEMENT 5
2666.860596 11.601903 873.542603
0.156435 0.000000 -0.987688	0.000000 1.000000 0.000000	0.987688 0.000000 0.156435
6 1 1.000000 44.600002 0.250000 0.000000 200.000000 -1 -1 -1 -1 56 -1 0 0 0 0
2688.885986 11.601903 877.031128	2644.835205 11.601903 870.054077
1 0.156495 0.000000 -0.987679	0 0.000000 0.000000 0.000000
Replay Camera Trigger
CAMERA_ELEMENT 4
2854.313232 21.952103 730.894287
1.000000 0.000000 0.000000	0.000000 1.000000 0.000000	0.000000 0.000000 1.000000
0 0.000000 1
1 1 12 0 0 3.000000 1 30.000000 0.600000
0.000000 0.000000 0.000000
c40
TRIGGER_ELEMENT 5
2929.716797 18.378151 536.007202
0.173648 0.000000 -0.984808	0.000000 1.000000 0.000000	0.984808 0.000000 0.173648
6 1 1.000000 40.700001 0.250000 0.000000 200.000000 -1 -1 -1 -1 41 -1 0 0 0 0
2949.757568 18.378151 539.540955	2909.676025 18.378151 532.473450
1 0.173587 0.000000 -0.984819	0 0.000000 0.000000 0.000000
Replay Camera Trigger
TRIGGER_ELEMENT 5
3138.581543 -3.860680 224.116776
0.173647 0.000000 -0.984808	0.000000 1.000000 0.000000	0.984808 0.000000 0.173647
6 1 1.000000 43.600002 0.250000 0.000000 200.000000 -1 -1 -1 -1 39 -1 0 0 0 0
3160.050293 -3.860680 227.902298	3117.112793 -3.860680 220.331253
1 0.173587 0.000000 -0.984819	0 0.000000 0.000000 0.000000
Replay Camera Trigger
TRIGGER_ELEMENT 5
3182.176025 6.611779 -143.137054
-0.642787 0.000000 -0.766044	0.000000 1.000000 0.000000	0.766044 0.000000 -0.642787
6 1 1.000000 42.599998 0.250000 0.000000 200.000000 -1 -1 -1 -1 37 -1 0 0 0 0
3198.492676 6.611779 -156.828415	3165.859375 6.611779 -129.445694
1 -0.642812 0.000000 -0.766024	0 0.000000 0.000000 0.000000
Replay Camera Trigger
TRIGGER_ELEMENT 5
3047.708496 9.427838 -174.987137
-0.999848 0.000000 0.017453	0.000000 1.000000 0.000000	-0.017453 0.000000 -0.999848
6 1 1.000000 31.799999 0.250000 0.000000 200.000000 -1 -1 -1 -1 35 -1 0 0 0 0
3047.430908 9.427838 -190.884720	3047.986084 9.427838 -159.089554
1 -0.999848 0.000000 0.017458	0 0.000000 0.000000 0.000000
Replay Camera Trigger
TRIGGER_ELEMENT 5
3024.933350 14.387698 -520.430359
-0.694658 0.000000 -0.719340	0.000000 1.000000 0.000000	0.719340 0.000000 -0.694658
6 1 1.000000 36.000000 0.250000 0.000000 200.000000 -1 -1 -1 -1 33 -1 0 0 0 0
3037.881348 14.387698 -532.934204	3011.985352 14.387698 -507.926514
1 -0.694608 0.000000 -0.719389	0 0.000000 0.000000 0.000000
Replay Camera Trigger
TRIGGER_ELEMENT 5
2813.434814 9.686993 -705.976501
-0.309017 0.000000 -0.951056	0.000000 1.000000 0.000000	0.951056 0.000000 -0.309017
6 1 1.000000 28.799999 0.250000 0.000000 200.000000 -1 -1 -1 -1 31 -1 0 0 0 0
2827.130127 9.686993 -710.426331	2799.739502 9.686993 -701.526672
1 -0.309078 0.000000 -0.951037	0 0.000000 0.000000 0.000000
Replay Camera Trigger
TRIGGER_ELEMENT 5
2668.330322 4.798770 -748.062439
-0.987689 0.000000 0.156434	0.000000 1.000000 0.000000	-0.156434 0.000000 -0.987689
6 1 1.000000 24.799999 0.250000 0.000000 200.000000 -1 -1 -1 -1 111 -1 0 0 0 0
2666.390625 4.798770 -760.309753	2670.270020 4.798770 -735.815125
1 -0.987691 0.000000 0.156417	0 0.000000 0.000000 0.000000
Replay Camera Trigger
TRIGGER_ELEMENT 5
2496.301270 -0.289126 -1031.566040
-0.754709 0.000000 -0.656059	0.000000 1.000000 0.000000	0.656059 0.000000 -0.754709
6 1 1.000000 24.800001 0.250000 0.000000 200.000000 -1 -1 -1 -1 27 -1 0 0 0 0
2504.436523 -0.289126 -1040.924438	2488.166016 -0.289126 -1022.207642
1 -0.754705 0.000000 -0.656064	0 0.000000 0.000000 0.000000
Replay Camera Trigger
TRIGGER_ELEMENT 5
2377.449463 8.528411 -1063.751709
-0.992546 0.000000 0.121870	0.000000 1.000000 0.000000	-0.121870 0.000000 -0.992546
6 1 1.000000 38.399998 0.250000 0.000000 200.000000 -1 -1 -1 -1 25 -1 0 0 0 0
2375.109619 8.528411 -1082.808594	2379.789307 8.528411 -1044.694824
1 -0.992550 0.000000 0.121841	0 0.000000 0.000000 0.000000
Replay Camera Trigger
TRIGGER_ELEMENT 5
2166.974121 24.860294 -1075.002930
-0.970296 0.000000 -0.241922	0.000000 1.000000 0.000000	0.241922 0.000000 -0.970296
6 1 1.000000 32.599998 0.250000 0.000000 200.000000 -1 -1 -1 -1 23 -1 0 0 0 0
2170.917480 24.860294 -1090.818726	2163.030762 24.860294 -1059.187134
1 -0.970286 0.000000 -0.241961	0 0.000000 0.000000 0.000000
Replay Camera Trigger
TRIGGER_ELEMENT 5
1925.468140 37.343811 -1026.101563
-0.766044 0.000000 0.642788	0.000000 1.000000 0.000000	-0.642788 0.000000 -0.766044
6 1 1.000000 22.200001 0.250000 0.000000 200.000000 -1 -1 -1 -1 21 -1 0 0 0 0
1918.333252 37.343811 -1034.604614	1932.603027 37.343811 -1017.598450
1 -0.766005 0.000000 0.642834	0 0.000000 0.000000 0.000000
Replay Camera Trigger
TRIGGER_ELEMENT 5
1763.278687 14.080692 -773.614136
-0.681999 0.000000 0.731353	0.000000 1.000000 0.000000	-0.731353 0.000000 -0.681999
6 1 1.000000 35.599998 0.250000 0.000000 200.000000 -1 -1 -1 -1 19 -1 0 0 0 0
1750.260620 14.080692 -785.753723	1776.296753 14.080692 -761.474548
1 -0.682018 0.000000 0.731335	0 0.000000 0.000000 0.000000
Replay Camera Trigger
TRIGGER_ELEMENT 5
1516.879639 11.091930 -825.761475
0.422618 0.000000 0.906308	0.000000 1.000000 0.000000	-0.906308 0.000000 0.422618
6 1 1.000000 25.000002 0.250000 0.000000 200.000000 -1 -1 -1 -1 17 -1 0 0 0 0
1505.550781 11.091930 -820.478760	1528.208496 11.091930 -831.044189
2 -0.422608 0.000000 -0.906312	0 0.000000 0.000000 0.000000
Replay Camera Trigger
TRIGGER_ELEMENT 5
1338.345459 1.587473 -1046.236938
0.951057 0.000000 0.309016	0.000000 1.000000 0.000000	-0.309016 0.000000 0.951057
6 1 1.000000 28.600000 0.250000 0.000000 200.000000 -1 -1 -1 -1 15 -1 0 0 0 0
1333.926514 1.587473 -1032.636841	1342.764404 1.587473 -1059.837036
2 -0.951073 0.000000 -0.308967	0 0.000000 0.000000 0.000000
Replay Camera Trigger
TRIGGER_ELEMENT 5
1022.564209 10.528331 -1007.465271
0.017453 0.000000 0.999848	0.000000 1.000000 0.000000	-0.999848 0.000000 0.017453
6 1 1.000000 39.099998 0.250000 0.000000 200.000000 -1 -1 -1 -1 13 -1 0 0 0 0
1003.017212 10.528331 -1007.124084	1042.111206 10.528331 -1007.806458
1 0.017456 0.000000 0.999848	0 0.000000 0.000000 0.000000
Replay Camera Trigger
CAMERA_ELEMENT 4
710.630005 43.237762 -1153.677124
0.828214 0.111658 -0.549177	-0.051057 0.990908 0.124471	0.558082 -0.075048 0.826384
0 0.000000 1
1 1 12 0 0 3.000000 1 50.000000 0.600000
0.000000 0.000000 0.000000
c41
TRIGGER_ELEMENT 5
818.063660 27.499479 -1071.038696
-0.342020 0.000000 -0.939692	0.000000 1.000000 0.000000	0.939692 0.000000 -0.342020
6 1 1.000000 30.299999 0.250000 0.000000 200.000000 -1 -1 -1 -1 72 -1 0 0 0 0
832.299988 27.499479 -1076.220337	803.827332 27.499479 -1065.857056
1 -0.342037 0.000000 -0.939687	0 0.000000 0.000000 0.000000
Replay Camera Trigger
TRIGGER_ELEMENT 5
540.625244 43.648354 -1031.535156
-0.987688 0.000000 -0.156434	0.000000 1.000000 0.000000	0.156434 0.000000 -0.987688
6 1 1.000000 25.100000 0.250000 0.000000 200.000000 -1 -1 -1 -1 9 -1 0 0 0 0
542.588501 43.648354 -1043.930664	538.661987 43.648354 -1019.139648
1 -0.987679 0.000000 -0.156495	0 0.000000 0.000000 0.000000
Replay Camera Trigger
TRIGGER_ELEMENT 5
239.834747 88.067337 -1086.026489
-0.891006 0.000000 0.453991	0.000000 1.000000 0.000000	-0.453991 0.000000 -0.891006
6 1 1.000000 27.900000 0.250000 0.000000 200.000000 -1 -1 -1 -1 7 -1 0 0 0 0
233.501572 88.067337 -1098.456055	246.167923 88.067337 -1073.596924
1 -0.891011 0.000000 0.453982	0 0.000000 0.000000 0.000000
Replay Camera Trigger
TRIGGER_ELEMENT 5
96.334015 107.745613 -896.104004
0.121869 0.000000 0.992546	0.000000 1.000000 0.000000	-0.992546 0.000000 0.121869
6 1 1.000000 31.199999 0.250000 0.000000 200.000000 -1 -1 -1 -1 5 -1 0 0 0 0
80.850296 107.745613 -894.202820	111.817734 107.745613 -898.005188
1 0.121871 0.000000 0.992546	0 0.000000 0.000000 0.000000
Replay Camera Trigger
TRIGGER_ELEMENT 5
204.726532 139.556610 -717.787598
0.500000 0.000000 0.866025	0.000000 1.000000 0.000000	-0.866025 0.000000 0.500000
6 1 1.000000 40.600002 0.250000 0.000000 200.000000 -1 -1 -1 -1 3 -1 0 0 0 0
187.146210 139.556610 -707.637573	222.306854 139.556610 -727.937622
1 0.499999 0.000000 0.866026	0 0.000000 0.000000 0.000000
Replay Camera Trigger
TRIGGER_ELEMENT 5
205.180878 152.459213 -600.383667
-0.104528 0.000000 0.994522	0.000000 1.000000 0.000000	-0.994522 0.000000 -0.104528
6 1 1.000000 44.600002 0.250000 0.000000 200.000000 -1 -1 -1 -1 1 -1 0 0 0 0
183.003036 152.459213 -602.714661	227.358719 152.459213 -598.052673
1 -0.104524 0.000000 0.994522	0 0.000000 0.000000 0.000000
Replay Camera Trigger
TRIGGER_ELEMENT 5
194.131622 157.905258 -494.267303
-0.406736 0.000000 0.913546	0.000000 1.000000 0.000000	-0.913546 0.000000 -0.406736
6 1 1.000000 54.300003 0.250000 0.000000 200.000000 -1 -1 -1 -1 0 -1 0 0 0 0
169.328857 157.905258 -505.310211	218.934387 157.905258 -483.224396
1 -0.406739 0.000000 0.913545	0 0.000000 0.000000 0.000000
Replay Camera Trigger
CAMERA_ELEMENT 4
2386.340332 4.971885 -890.686096
1.000000 0.000000 0.000000	0.000000 1.000000 0.000000	0.000000 0.000000 1.000000
0 0.000000 1
1 1 12 0 0 3.000000 1 37.500000 0.600000
0.000000 0.000000 0.000000
c50
TRIGGER_ELEMENT 5
2347.991455 8.750504 -983.827515
0.156435 0.000000 0.987688	0.000000 1.000000 0.000000	-0.987688 0.000000 0.156435
6 1 1.000000 27.500002 0.250000 0.000000 200.000000 -1 -1 -1 -1 80 -1 0 0 0 0
2334.410645 8.750504 -981.676514	2361.572266 8.750504 -985.978516
1 0.156495 0.000000 0.987679	0 0.000000 0.000000 0.000000
Replay Camera Trigger
TRIGGER_ELEMENT 5
2345.453125 9.139997 -998.952393
-0.224951 0.000000 -0.974370	0.000000 1.000000 0.000000	0.974370 0.000000 -0.224951
6 1 1.000000 34.099998 0.250000 0.000000 200.000000 -1 -1 -1 -1 25 -1 0 0 0 0
2362.066162 9.139997 -1002.787781	2328.840088 9.139997 -995.117004
1 -0.224860 0.000000 -0.974391	0 0.000000 0.000000 0.000000
Replay Camera Trigger
CAMERA_ELEMENT 4
2334.997559 11.464527 -1051.542603
0.999015 0.026281 -0.035747	-0.027133 0.999354 -0.023574	0.035104 0.024520 0.999083
0 0.000000 1
1 1 12 1 0 3.000000 0 37.500000 0.600000
0.000000 0.000000 0.000000
c51
TRIGGER_ELEMENT 5
2344.204834 9.330178 -1033.955444
-0.121869 0.000000 -0.992546	0.000000 1.000000 0.000000	0.992546 0.000000 -0.121869
6 1 1.000000 25.600000 0.250000 0.000000 200.000000 -1 -1 -1 -1 83 -1 0 0 0 0
2356.909424 9.330178 -1035.515381	2331.500244 9.330178 -1032.395508
1 -0.121826 0.000000 -0.992551	0 0.000000 0.000000 0.000000
Replay Camera Trigger
TRIGGER_ELEMENT 5
2322.471191 8.920842 -1047.926025
-0.987688 0.000000 0.156435	0.000000 1.000000 0.000000	-0.156435 0.000000 -0.987688
6 1 1.000000 25.699999 0.250000 0.000000 200.000000 -1 -1 -1 -1 25 -1 0 0 0 0
2320.460938 8.920842 -1060.617798	2324.481445 8.920842 -1035.234253
1 -0.987682 0.000000 0.156477	0 0.000000 0.000000 0.000000
Replay Camera Trigger
TRIGGER_ELEMENT 5
2482.745117 0.439492 -862.602905
-0.984808 0.000000 -0.173648	0.000000 1.000000 0.000000	0.173648 0.000000 -0.984808
6 1 1.000000 22.299999 0.250000 0.000000 200.000000 -1 -1 -1 -1 80 -1 0 0 0 0
2484.681396 0.439492 -873.583496	2480.808838 0.439492 -851.622314
1 -0.984810 0.000000 -0.173636	0 0.000000 0.000000 0.000000
Replay Camera Trigger
CAMERA_ELEMENT 4
2460.452393 14.536804 -867.651733
0.342604 -0.023474 -0.939186	0.280376 0.956686 0.078367	0.896667 -0.290175 0.334346
0 0.000000 1
1 1 12 0 0 3.000000 1 37.500000 0.600000
0.000000 0.000000 0.000000
c52
TRIGGER_ELEMENT 5
2505.594482 0.720508 -842.302429
-0.669130 0.000000 -0.743145	0.000000 1.000000 0.000000	0.743145 0.000000 -0.669130
6 1 1.000000 20.200001 0.250000 0.000000 200.000000 -1 -1 -1 -1 87 -1 0 0 0 0
2513.100342 0.720508 -849.060669	2498.088623 0.720508 -835.544189
1 -0.669154 0.000000 -0.743124	0 0.000000 0.000000 0.000000
Replay Camera Trigger
TRIGGER_ELEMENT 5
2512.471924 0.297494 -866.743774
-0.996195 0.000000 -0.087156	0.000000 1.000000 0.000000	0.087156 0.000000 -0.996195
6 1 1.000000 35.100002 0.250000 0.000000 200.000000 -1 -1 -1 -1 87 -1 0 0 0 0
2514.001465 0.297494 -884.226990	2510.942383 0.297494 -849.260559
1 -0.996194 0.000000 -0.087167	0 0.000000 0.000000 0.000000
Replay Camera Trigger
CAMERA_ELEMENT 4
2571.699707 17.892422 -874.710632
1.000000 0.000000 0.000000	0.000000 1.000000 0.000000	0.000000 0.000000 1.000000
0 0.000000 1
1 1 12 1 0 3.000000 0 37.500000 0.600000
0.000000 0.000000 0.000000
c53
TRIGGER_ELEMENT 5
2514.114746 0.297135 -866.669189
0.996195 0.000000 0.087156	0.000000 1.000000 0.000000	-0.087156 0.000000 0.996195
6 1 1.000000 31.799999 0.250000 0.000000 200.000000 -1 -1 -1 -1 90 -1 0 0 0 0
2512.729004 0.297135 -850.829712	2515.500488 0.297135 -882.508667
1 0.996194 0.000000 0.087167	0 0.000000 0.000000 0.000000
Replay Camera Trigger
TRIGGER_ELEMENT 5
2505.666260 0.745240 -840.696899
0.719340 0.000000 0.694658	0.000000 1.000000 0.000000	-0.694658 0.000000 0.719340
6 1 1.000000 24.000000 0.250000 0.000000 200.000000 -1 -1 -1 -1 90 -1 0 0 0 0
2497.330322 0.745240 -832.064819	2514.002197 0.745240 -849.328979
1 0.719299 0.000000 0.694700	0 0.000000 0.000000 0.000000
Replay Camera Trigger
TRIGGER_ELEMENT 5
2657.354248 -1.350053 -768.044983
-0.891006 0.000000 0.453991	0.000000 1.000000 0.000000	-0.453991 0.000000 -0.891006
6 1 1.000000 19.900000 0.250000 0.000000 200.000000 -1 -1 -1 -1 111 -1 0 0 0 0
2652.837158 -1.350053 -776.910522	2661.871338 -1.350053 -759.179443
1 -0.891033 0.000000 0.453939	0 0.000000 0.000000 0.000000
Replay Camera Trigger
TRIGGER_ELEMENT 5
2658.208008 -1.284949 -768.974915
0.866026 0.000000 -0.500000	0.000000 1.000000 0.000000	0.500000 0.000000 0.866026
6 1 1.000000 20.799999 0.250000 0.000000 200.000000 -1 -1 -1 -1 31 -1 0 0 0 0
2663.407959 -1.284949 -759.968262	2653.008057 -1.284949 -777.981567
1 0.866011 0.000000 -0.500025	0 0.000000 0.000000 0.000000
Replay Camera Trigger
CAMERA_ELEMENT 4
2528.394775 3.586165 -802.131531
1.000000 0.000000 0.000000	0.000000 1.000000 0.000000	0.000000 0.000000 1.000000
0 0.000000 1
1 0 12 1 0 5.000000 0 37.500000 0.600000
0.000000 0.000000 0.000000
c17a
TRIGGER_ELEMENT 5
2537.191895 2.753548 -806.683899
-0.573576 0.000000 -0.819152	0.000000 1.000000 0.000000	0.819152 0.000000 -0.573576
6 1 1.000000 18.100000 0.250000 0.000000 200.000000 -1 -1 -1 -1 111 -1 0 0 0 0
2544.605225 2.753548 -811.874756	2529.778564 2.753548 -801.493042
1 -0.573516 0.000000 -0.819195	0 0.000000 0.000000 0.000000
Replay Camera Trigger
TRIGGER_ELEMENT 5
2554.530029 -1.788779 -813.922058
-0.453990 0.000000 -0.891007	0.000000 1.000000 0.000000	0.891007 0.000000 -0.453990
6 1 1.000000 16.799999 0.250000 0.000000 200.000000 -1 -1 -1 -1 111 -1 0 0 0 0
2562.014404 -1.788779 -817.735596	2547.045654 -1.788779 -810.108521
1 -0.454085 0.000000 -0.890958	0 0.000000 0.000000 0.000000
Replay Camera Trigger
CAMERA_ELEMENT 4
2826.023193 14.961214 -683.826355
1.000000 0.000000 0.000000	0.000000 1.000000 0.000000	0.000000 0.000000 1.000000
0 0.000000 1
1 0 12 1 0 4.000000 0 37.500000 0.600000
0.000000 0.000000 0.000000
c18zoomin
TRIGGER_ELEMENT 5
2818.370361 10.655324 -675.076538
0.342020 0.000000 0.939693	0.000000 1.000000 0.000000	-0.939693 0.000000 0.342020
6 1 1.000000 27.000000 0.250000 0.000000 200.000000 -1 -1 -1 -1 98 -1 0 0 0 0
2805.684570 10.655324 -670.459290	2831.056152 10.655324 -679.693787
1 0.342037 0.000000 0.939687	0 0.000000 0.000000 0.000000
Replay Camera Trigger
TRIGGER_ELEMENT 5
2978.774170 16.745052 -545.100952
-0.945519 0.000000 -0.325568	0.000000 1.000000 0.000000	0.325568 0.000000 -0.945519
6 1 1.000000 23.000000 0.250000 0.000000 200.000000 -1 -1 -1 -1 98 -1 0 0 0 0
2982.518311 16.745052 -555.974426	2975.030029 16.745052 -534.227478
1 -0.945525 0.000000 -0.325550	0 0.000000 0.000000 0.000000
Replay Camera Trigger
CAMERA_ELEMENT 4
2949.724365 22.463413 -542.362122
1.000000 0.000000 0.000000	0.000000 1.000000 0.000000	0.000000 0.000000 1.000000
0 0.000000 1
1 0 12 0 0 3.000000 1 37.500000 0.600000
0.000000 0.000000 0.000000
c18zoomout
TRIGGER_ELEMENT 5
2954.570313 18.015347 -546.824097
0.981627 0.000000 0.190809	0.000000 1.000000 0.000000	-0.190809 0.000000 0.981627
6 1 1.000000 28.799999 0.250000 0.000000 200.000000 -1 -1 -1 -1 101 -1 0 0 0 0
2951.822754 18.015347 -532.688660	2957.317871 18.015347 -560.959534
1 0.981632 0.000000 0.190785	0 0.000000 0.000000 0.000000
Replay Camera Trigger
TRIGGER_ELEMENT 5
2827.998047 13.195418 -644.357117
-0.292372 0.000000 -0.956305	0.000000 1.000000 0.000000	0.956305 0.000000 -0.292372
6 1 1.000000 32.400002 0.250000 0.000000 200.000000 -1 -1 -1 -1 101 -1 0 0 0 0
2843.490234 13.195418 -649.093506	2812.505859 13.195418 -639.620728
1 -0.292473 0.000000 -0.956274	0 0.000000 0.000000 0.000000
Replay Camera Trigger
CAMERA_ELEMENT 4
2965.555420 15.547450 -199.604263
1.000000 0.000000 0.000000	0.000000 1.000000 0.000000	0.000000 0.000000 1.000000
0 0.000000 1
1 0 12 0 0 6.000000 1 37.500000 0.600000
0.000000 0.000000 0.000000
c19zoomout
TRIGGER_ELEMENT 5
2968.774658 11.620150 -205.788620
0.469472 0.000000 0.882947	0.000000 1.000000 0.000000	-0.882947 0.000000 0.469472
6 1 1.000000 26.900000 0.250000 0.000000 200.000000 -1 -1 -1 -1 104 -1 0 0 0 0
2956.898926 11.620150 -199.474228	2980.650391 11.620150 -212.103012
1 0.469479 0.000000 0.882944	0 0.000000 0.000000 0.000000
Replay Camera Trigger
TRIGGER_ELEMENT 5
3034.770020 44.002296 -55.387489
-0.996195 0.000000 -0.087155	0.000000 1.000000 0.000000	0.087155 0.000000 -0.996195
6 1 1.000000 28.299999 0.250000 0.000000 200.000000 -1 -1 -1 -1 98 -1 0 0 0 0
3036.003174 44.002296 -69.483650	3033.536865 44.002296 -41.291328
1 -0.996194 0.000000 -0.087167	0 0.000000 0.000000 0.000000
Replay Camera Trigger
TRIGGER_ELEMENT 5
2931.988525 12.171654 -209.744537
-0.325568 0.000000 -0.945519	0.000000 1.000000 0.000000	0.945519 0.000000 -0.325568
6 1 1.000000 31.200001 0.250000 0.000000 200.000000 -1 -1 -1 -1 35 -1 0 0 0 0
2946.738525 12.171654 -214.823395	2917.238525 12.171654 -204.665680
1 -0.325669 0.000000 -0.945484	0 0.000000 0.000000 0.000000
Replay Camera Trigger
CAMERA_ELEMENT 4
3070.221436 -1.389406 293.072571
0.956318 -0.004253 0.292299	0.029603 0.996163 -0.082359	-0.290827 0.087414 0.952774
0 0.000000 1
1 1 12 0 0 4.000000 1 37.500000 0.600000
0.000000 0.000000 0.000000
Cjump
TRIGGER_ELEMENT 5
3037.853271 1.627862 325.011780
0.707107 0.000000 -0.707107	0.000000 1.000000 0.000000	0.707107 0.000000 0.707107
6 1 1.000000 38.900002 0.250000 0.000000 200.000000 -1 -1 -1 -1 108 -1 0 0 0 0
3051.606445 1.627862 338.765015	3024.100098 1.627862 311.258545
1 0.707076 0.000000 -0.707137	0 0.000000 0.000000 0.000000
Replay Camera Trigger
TRIGGER_ELEMENT 5
2535.285400 0.003639 -877.968689
0.544639 0.000000 -0.838670	0.000000 1.000000 0.000000	0.838670 0.000000 0.544639
6 1 1.000000 69.000000 0.250000 0.000000 200.000000 -1 -1 -1 -1 29 -1 0 0 0 0
2564.219482 0.003639 -859.178650	2506.351318 0.003639 -896.758728
1 0.544660 0.000000 -0.838657	0 0.000000 0.000000 0.000000
Replay Camera Trigger
CAMERA_ELEMENT 4
2524.473633 6.257478 -811.052856
1.000000 0.000000 0.000000	0.000000 1.000000 0.000000	0.000000 0.000000 1.000000
0 0.000000 1
1 1 6 0 0 3.000000 0 37.500000 0.600000
0.000000 0.000000 0.000000
zshotgun
TRIGGER_ELEMENT 5
2538.273926 2.885130 -805.046570
0.559193 0.000000 0.829037	0.000000 1.000000 0.000000	-0.829037 0.000000 0.559193
6 1 1.000000 18.100000 0.250000 0.000000 200.000000 -1 -1 -1 -1 111 -1 0 0 0 0
2530.771240 2.885130 -799.985901	2545.776611 2.885130 -810.107239
1 0.559115 0.000000 0.829090	0 0.000000 0.000000 0.000000
Replay Camera Trigger
TRIGGER_ELEMENT 5
2556.214600 -1.823346 -811.457458
0.453990 0.000000 0.891007	0.000000 1.000000 0.000000	-0.891007 0.000000 0.453990
6 1 1.000000 16.799999 0.250000 0.000000 200.000000 -1 -1 -1 -1 111 -1 0 0 0 0
2548.730225 -1.823346 -807.643921	2563.698975 -1.823346 -815.270996
1 0.454085 0.000000 0.890958	0 0.000000 0.000000 0.000000
Replay Camera Trigger
TRIGGER_ELEMENT 5
3030.615479 35.482597 -84.432785
-0.996195 0.000000 -0.087155	0.000000 1.000000 0.000000	0.087155 0.000000 -0.996195
6 1 1.000000 28.299999 0.250000 0.000000 200.000000 -1 -1 -1 -1 98 -1 0 0 0 0
3031.848633 35.482597 -98.528946	3029.382324 35.482597 -70.336624
1 -0.996194 0.000000 -0.087167	0 0.000000 0.000000 0.000000
Replay Camera Trigger
TRIGGER_ELEMENT 5
3035.768066 66.037247 21.459488
-0.996195 0.000000 -0.087155	0.000000 1.000000 0.000000	0.087155 0.000000 -0.996195
6 1 1.000000 28.299999 0.250000 0.000000 200.000000 -1 -1 -1 -1 98 -1 0 0 0 0
3037.001221 66.037247 7.363329	3034.534912 66.037247 35.555649
1 -0.996194 0.000000 -0.087167	0 0.000000 0.000000 0.000000
Replay Camera Trigger
