TRIGGER_ELEMENT 5
-73.077545 158.425705 -372.103729
0.956305 0.000000 -0.292372	0.000000 1.000000 0.000000	0.292372 0.000000 0.956305
2 0 1.000000 3.000000 0.250000 0.000000 200.000000 0 -1 -1 0 -1 -1 0 0 0 0
-72.638985 158.425705 -370.669281	-73.516106 158.425705 -373.538177
0 0.000000 0.000000 0.000000	1 0.956309 0.000000 -0.292359

TRIGGER_ELEMENT 5
2325.130371 61.119534 1783.270874
0.629320 0.000000 -0.777146	0.000000 1.000000 0.000000	0.777146 0.000000 0.629320
1 1 1.000000 44.200001 0.250000 0.000000 200.000000 1 -1 -1 1 -1 -1 0 0 0 0
2342.305176 61.119534 1797.178833	2307.955566 61.119534 1769.362915
0 0.000000 0.000000 0.000000	0 0.000000 0.000000 0.000000

GEOM_ELEMENT 5
2315.116211 61.085693 1775.219971
0.787132 0.002154 0.616781	0.047214 0.996849 -0.063735	-0.614975 0.079288 0.784550
0 1213419078 0 0 -1 1 1 120.000000 120.000000 120.000000
Geometry Element
GEOM_ELEMENT 5
2321.084717 61.073303 1779.499512
0.787156 0.002106 0.616751	0.046579 0.996935 -0.062854	-0.614993 0.078203 0.784645
0 1213419078 0 0 -1 1 1 126.000000 126.000000 126.000000
Geometry Element
