TRIGGER_ELEMENT 5
-3089.777588 0.652739 72.186485
-0.999848 0.000000 0.017452	0.000000 1.000000 0.000000	-0.017452 0.000000 -0.999848
2 0 1.000000 3.000000 0.250000 0.000000 200.000000 0 -1 -1 0 -1 11 0 0 0 0
-3089.803711 0.652739 70.686714	-3089.751465 0.652739 73.686256
0 0.000000 0.000000 0.000000	3 0.999848 0.000000 -0.017450

GEOM_ELEMENT 5
-3089.285400 0.000000 74.836929
0.999937 0.000000 0.000000	0.000000 0.999968 0.000000	0.000000 0.000000 0.999968
0 1162760003 0 0 -1 1 1 100.000000 100.000000 100.000000
Geometry Element
GEOM_ELEMENT 5
-3089.679443 0.792138 69.562706
0.999593 0.024810 0.001295	-0.024846 0.998332 0.052111	0.000000 -0.052122 0.998543
0 1162760003 0 0 -1 1 1 100.000000 100.000000 100.000000
Geometry Element
GEOM_ELEMENT 5
-3011.559570 -0.804174 80.018929
0.997106 -0.065433 -0.010360	0.066294 0.985523 0.156044	0.000000 -0.156280 0.987008
0 1162760003 0 0 -1 1 1 100.000000 100.000000 100.000000
Geometry Element
GEOM_ELEMENT 5
-2926.023438 -16.643919 138.685867
0.996780 -0.069345 -0.008561	0.069926 0.990037 0.122219	0.000000 -0.122424 0.991697
0 1162760003 0 0 -1 1 1 100.000000 100.000000 100.000000
Geometry Element
GEOM_ELEMENT 5
-2896.735352 -24.598307 209.234406
0.997722 -0.058663 -0.003721	0.058813 0.996267 0.063195	0.000000 -0.063270 0.997448
0 1162760003 0 0 -1 1 1 100.000000 100.000000 100.000000
Geometry Element
GEOM_ELEMENT 5
-2834.002441 -24.280846 278.332397
0.997693 0.058736 -0.007039	-0.059189 0.991154 -0.118784	0.000000 0.118927 0.992344
0 1162760003 0 0 -1 1 1 100.000000 100.000000 100.000000
Geometry Element
GEOM_ELEMENT 5
-2733.199951 -14.907732 317.134338
0.999810 -0.017005 -0.000098	0.017007 0.999839 0.005767	0.000000 -0.005767 0.999938
0 1162760003 0 0 -1 1 1 100.000000 100.000000 100.000000
Geometry Element
GEOM_ELEMENT 5
-2601.704834 -26.566463 357.968475
0.999495 -0.027700 -0.000328	0.027705 0.999546 0.011827	0.000000 -0.011830 0.999809
0 1162760003 0 0 -1 1 1 100.000000 100.000000 100.000000
Geometry Element
GEOM_ELEMENT 5
-2489.840820 -14.465928 440.943481
0.998682 0.044692 -0.001858	-0.044745 0.998136 -0.041497	0.000000 0.041525 0.998820
0 1162760003 0 0 -1 1 1 100.000000 100.000000 100.000000
Geometry Element
TRIGGER_ELEMENT 5
-1758.730469 -7.208943 395.781158
0.939693 0.000000 -0.342020	0.000000 1.000000 0.000000	0.342020 0.000000 0.939693
1 1 5.000000 8.300000 0.250000 0.000000 200.000000 15 -1 -1 15 -1 -1 0 1 0 0
-1757.311035 -7.208943 399.680878	-1760.149902 -7.208943 391.881439
0 0.000000 0.000000 0.000000	0 0.000000 0.000000 0.000000
End
GEOM_ELEMENT 5
-3009.895508 1.392944 84.711014
0.389839 -0.022082 -0.920618	0.028552 0.999522 -0.011884	0.920440 -0.021652 0.390283
1 827806273 0 0 -1 0 1 31.000000 31.000000 31.000000
first arrow
TRIGGER_ELEMENT 5
-3013.200928 -1.264193 83.615593
0.906307 0.000000 0.422619	0.000000 1.000000 0.000000	-0.422619 0.000000 0.906307
0 1 1.000000 7.300000 0.250000 0.000000 200.000000 1 -1 -1 1 -1 13 0 1 0 0
-3014.743408 -1.264193 86.923615	-3011.658447 -1.264193 80.307571
0 0.000000 0.000000 0.000000	0 0.000000 0.000000 0.000000
Waypoint Tigger
GEOM_ELEMENT 5
-2922.022949 -13.896797 139.118073
0.807620 -0.018471 -0.589413	0.056376 0.997350 0.045992	0.587002 -0.070373 0.806521
1 827806273 0 0 -1 0 1 29.000000 29.000000 29.000000
a1
GEOM_ELEMENT 5
-2898.622314 -20.650291 213.241516
0.923548 -0.005524 -0.383444	0.075634 0.982880 0.168010	0.375951 -0.184167 0.908154
1 827806273 0 0 -1 0 1 55.000000 55.000000 55.000000
a2
TRIGGER_ELEMENT 5
-2922.190918 -16.670984 136.712402
0.438371 0.000000 0.898794	0.000000 1.000000 0.000000	-0.898794 0.000000 0.438371
0 1 1.000000 7.400000 0.250000 0.000000 200.000000 2 -1 -1 2 -1 14 0 1 0 0
-2925.516357 -16.670984 138.334381	-2918.865479 -16.670984 135.090424
0 0.000000 0.000000 0.000000	0 0.000000 0.000000 0.000000
Waypoint Tigger
GEOM_ELEMENT 5
-2830.498291 -22.541595 277.349304
0.577936 -0.061403 -0.813768	-0.005238 0.996866 -0.078939	0.816065 0.049884 0.575803
1 827806273 0 0 -1 0 1 26.000000 26.000000 26.000000
a3
TRIGGER_ELEMENT 5
-2900.408447 -24.417929 210.322342
0.275637 0.000000 0.961262	0.000000 1.000000 0.000000	-0.961262 0.000000 0.275637
0 1 1.000000 7.000000 0.250000 0.000000 200.000000 3 -1 -1 3 -1 16 0 1 0 0
-2903.772949 -24.417929 211.287079	-2897.043945 -24.417929 209.357605
0 0.000000 0.000000 0.000000	0 0.000000 0.000000 0.000000
Waypoint Tigger
GEOM_ELEMENT 5
-2730.316650 -11.897619 321.124390
-0.428612 0.070897 0.900703	0.205706 0.978391 0.020876	-0.879760 0.194228 -0.433934
1 827806273 0 0 -1 0 1 57.000000 57.000000 57.000000
a4
TRIGGER_ELEMENT 5
-2831.770508 -24.925285 272.439789
0.927184 0.000000 0.374607	0.000000 1.000000 0.000000	-0.374607 0.000000 0.927184
0 1 1.000000 12.600000 0.250000 0.000000 200.000000 4 -1 -1 4 -1 18 0 1 0 0
-2834.130615 -24.925285 278.281036	-2829.410400 -24.925285 266.598541
0 0.000000 0.000000 0.000000	0 0.000000 0.000000 0.000000
Waypoint Tigger
GEOM_ELEMENT 5
-2597.406494 -24.037300 356.186768
0.469451 -0.000613 -0.882958	0.009386 0.999946 0.004296	0.882908 -0.010304 0.469432
1 827806273 0 0 -1 0 1 37.000000 37.000000 37.000000
a5
TRIGGER_ELEMENT 5
-2734.118896 -14.912883 320.737427
0.933580 0.000000 0.358369	0.000000 1.000000 0.000000	-0.358369 0.000000 0.933580
0 1 1.000000 7.500000 0.250000 0.000000 200.000000 5 -1 -1 5 -1 20 0 1 0 0
-2735.462891 -14.912883 324.238342	-2732.774902 -14.912883 317.236511
0 0.000000 0.000000 0.000000	0 0.000000 0.000000 0.000000
Waypoint Tigger
GEOM_ELEMENT 5
-2489.687744 -10.632714 447.563721
0.719168 0.010738 -0.694753	0.055666 0.995776 0.073013	0.692603 -0.091182 0.715532
1 827806273 0 0 -1 0 1 63.000000 63.000000 63.000000
a6
TRIGGER_ELEMENT 5
-2600.190430 -26.560759 353.938721
0.939693 0.000000 0.342020	0.000000 1.000000 0.000000	-0.342020 0.000000 0.939693
0 1 1.000000 8.000000 0.250000 0.000000 200.000000 6 -1 -1 6 -1 22 0 1 0 0
-2601.558594 -26.560759 357.697479	-2598.822266 -26.560759 350.179962
0 0.000000 0.000000 0.000000	0 0.000000 0.000000 0.000000
Waypoint Tigger
GEOM_ELEMENT 5
-2412.954102 -29.091150 511.799164
0.983058 -0.159502 0.001547	0.160164 0.987044 -0.009575	0.000000 0.009661 0.995869
0 1162760003 0 0 -1 1 1 100.000000 100.000000 100.000000
Geometry Element
GEOM_ELEMENT 5
-2408.374756 -27.150780 509.204468
0.490147 -0.114753 -0.864053	0.173262 0.984341 -0.032443	0.854246 -0.133806 0.502354
1 827806273 0 0 -1 0 1 56.000000 56.000000 56.000000
a7
TRIGGER_ELEMENT 5
-2492.788818 -14.448731 444.710175
0.766044 0.000000 0.642788	0.000000 1.000000 0.000000	-0.642788 0.000000 0.766044
0 1 1.000000 8.200000 0.250000 0.000000 200.000000 7 -1 -1 7 -1 25 0 1 0 0
-2495.424316 -14.448731 447.850952	-2490.153320 -14.448731 441.569397
0 0.000000 0.000000 0.000000	0 0.000000 0.000000 0.000000
Waypoint Tigger
GEOM_ELEMENT 5
-2303.586914 -23.697004 549.272583
-0.127674 0.166396 0.977758	0.066547 0.985042 -0.158946	-0.989581 0.044773 -0.136837
1 827806273 0 0 -1 0 1 44.000000 44.000000 44.000000
a8
TRIGGER_ELEMENT 5
-2410.366455 -29.515657 507.195557
0.866026 0.000000 0.500000	0.000000 1.000000 0.000000	-0.500000 0.000000 0.866026
0 1 1.000000 9.700000 0.250000 0.000000 200.000000 8 -1 -1 8 -1 27 0 1 0 0
-2412.791504 -29.515657 511.395782	-2407.941406 -29.515657 502.995331
0 0.000000 0.000000 0.000000	0 0.000000 0.000000 0.000000
Waypoint Tigger
TRIGGER_ELEMENT 5
-2307.364258 -26.203264 553.014282
1.000000 0.000000 0.000000	0.000000 1.000000 0.000000	0.000000 0.000000 1.000000
0 1 1.000000 13.700000 0.250000 0.000000 200.000000 9 -1 -1 9 -1 48 0 1 0 0
-2307.364258 -26.203264 559.864258	-2307.364258 -26.203264 546.164307
0 0.000000 0.000000 0.000000	0 0.000000 0.000000 0.000000
Waypoint Tigger
GEOM_ELEMENT 5
-1756.017700 -4.900915 394.394043
0.242053 -0.006928 0.970238	-0.035813 0.999229 0.016070	-0.969602 -0.038637 0.241618
1 827806273 0 0 -1 0 1 45.000000 45.000000 45.000000
af
TRIGGER_ELEMENT 5
-2217.338623 -13.120044 501.289093
0.819152 0.000000 -0.573576	0.000000 1.000000 0.000000	0.573576 0.000000 0.819152
0 1 1.000000 7.300000 0.250000 0.000000 200.000000 10 -1 -1 10 -1 32 0 1 0 0
-2215.245117 -13.120044 504.278992	-2219.432129 -13.120044 498.299194
0 0.000000 0.000000 0.000000	0 0.000000 0.000000 0.000000
Waypoint Tigger
GEOM_ELEMENT 5
-2130.692139 -14.808755 458.969727
0.424186 -0.043402 0.904534	-0.067724 0.994533 0.079481	-0.903039 -0.094973 0.418928
1 827806273 0 0 -1 0 1 32.000000 32.000000 32.000000
a10
GEOM_ELEMENT 5
-2134.923340 -17.696527 456.543854
0.999173 0.035438 0.000708	-0.035452 0.999172 0.019954	0.000000 -0.019963 0.999602
0 1162760003 0 0 -1 1 1 100.000000 100.000000 100.000000
Geometry Element
GEOM_ELEMENT 5
-2046.650269 -13.799938 418.165619
0.104139 -0.084001 0.991009	0.002762 0.996447 0.084172	-0.994559 -0.006028 0.104001
1 827806273 0 0 -1 0 1 38.000000 38.000000 38.000000
a11
TRIGGER_ELEMENT 5
-2132.295166 -17.678291 461.746613
0.891006 0.000000 -0.453991	0.000000 1.000000 0.000000	0.453991 0.000000 0.891006
0 1 1.000000 11.800000 0.250000 0.000000 200.000000 11 -1 -1 11 -1 34 0 1 0 0
-2129.616699 -17.678291 467.003540	-2134.973633 -17.678291 456.489685
0 0.000000 0.000000 0.000000	0 0.000000 0.000000 0.000000
Waypoint Tigger
GEOM_ELEMENT 5
-1936.412109 -1.917567 450.307495
0.986504 0.142536 -0.000955	-0.143004 0.989700 -0.006632	0.000000 0.006679 0.996726
0 1162760003 0 0 -1 1 1 100.000000 100.000000 100.000000
Geometry Element
GEOM_ELEMENT 5
-1932.403687 1.709867 453.427429
0.050884 0.032719 0.998168	-0.036667 0.998850 -0.030872	-0.998031 -0.035029 0.052025
1 827806273 0 0 -1 0 1 45.000000 45.000000 45.000000
a12
GEOM_ELEMENT 5
-2050.682861 -17.282125 421.193542
0.999478 0.028005 0.002945	-0.028162 0.994123 0.104530	0.000000 -0.104559 0.994392
0 1162760003 0 0 -1 1 1 100.000000 100.000000 100.000000
Geometry Element
TRIGGER_ELEMENT 5
-2050.241699 -16.564415 414.083221
0.996195 0.000000 -0.087156	0.000000 1.000000 0.000000	0.087156 0.000000 0.996195
0 1 1.000000 14.500000 0.250000 0.000000 200.000000 12 -1 -1 12 -1 37 0 1 0 0
-2049.609863 -16.564415 421.305634	-2050.873535 -16.564415 406.860809
0 0.000000 0.000000 0.000000	0 0.000000 0.000000 0.000000
Waypoint Tigger
GEOM_ELEMENT 5
-1875.444336 1.006381 442.213104
0.991109 -0.115873 0.000803	0.116124 0.993211 -0.006882	0.000000 0.006914 0.997835
0 1162760003 0 0 -1 1 1 100.000000 100.000000 100.000000
Geometry Element
GEOM_ELEMENT 5
-1871.003662 3.419573 435.782288
0.161768 -0.085041 0.983158	0.116682 0.990939 0.066515	-0.979906 0.103957 0.170225
1 827806273 0 0 -1 0 1 47.000000 47.000000 47.000000
a13
TRIGGER_ELEMENT 5
-1936.263794 -1.871729 453.620392
1.000000 0.000000 0.000000	0.000000 1.000000 0.000000	0.000000 0.000000 1.000000
0 1 1.000000 6.700000 0.250000 0.000000 200.000000 13 -1 -1 13 -1 41 0 1 0 0
-1936.263794 -1.871729 456.970398	-1936.263794 -1.871729 450.270386
0 0.000000 0.000000 0.000000	0 0.000000 0.000000 0.000000
Waypoint Tigger
TRIGGER_ELEMENT 5
-1876.072754 1.032858 436.573608
0.992546 0.000000 -0.121869	0.000000 1.000000 0.000000	0.121869 0.000000 0.992546
0 1 1.000000 11.200000 0.250000 0.000000 200.000000 14 -1 -1 14 -1 30 0 1 0 0
-1875.390259 1.032858 442.131866	-1876.755249 1.032858 431.015350
0 0.000000 0.000000 0.000000	0 0.000000 0.000000 0.000000
Waypoint Tigger
GEOM_ELEMENT 5
-1760.374023 -7.215135 391.752380
0.999696 0.021484 0.000179	-0.021486 0.999734 0.008330	0.000000 -0.008331 0.999892
0 1162760003 0 0 -1 1 1 100.000000 100.000000 100.000000
Geometry Element
GEOM_ELEMENT 5
-1757.504150 -7.214007 400.002808
0.999595 0.024815 0.000239	-0.024818 0.999646 0.009621	0.000000 -0.009623 0.999856
0 1162760003 0 0 -1 1 1 100.000000 100.000000 100.000000
Geometry Element
GEOM_ELEMENT 5
-2307.770264 -26.997986 546.298157
0.996535 0.071978 -0.008475	-0.072535 0.990523 -0.116631	0.000000 0.116842 0.992311
0 1162760003 0 0 -1 1 1 100.000000 100.000000 100.000000
Geometry Element
GEOM_ELEMENT 5
-2214.662354 -13.032513 504.432770
0.991252 0.114650 0.008154	-0.115183 0.990842 0.070469	0.000000 -0.070791 0.995380
0 1162760003 0 0 -1 1 1 100.000000 100.000000 100.000000
Geometry Element
GEOM_ELEMENT 5
-2214.508301 -11.294420 500.850739
0.627302 0.011384 0.778693	-0.080020 0.995543 0.049908	-0.774654 -0.093619 0.625418
1 827806273 0 0 -1 0 1 39.000000 39.000000 39.000000
a9
GEOM_ELEMENT 5
-1522.821411 -3.344871 253.260071
-0.961223 -0.000566 -0.275771	0.008978 0.999404 -0.033345	0.275626 -0.034528 -0.960644
0 1464094277 0 0 -1 1 1 116.000000 116.000000 116.000000
Geometry Element
GEOM_ELEMENT 5
-1513.996094 -3.352020 255.402771
-0.743114 -0.015875 -0.668976	0.009111 0.999386 -0.033837	0.669102 -0.031240 -0.742513
0 1464094277 0 0 -1 1 1 122.500000 122.500000 122.500000
Geometry Element
GEOM_ELEMENT 5
-3605.198486 -4.438721 -189.881516
-0.104528 0.000091 0.994522	-0.002083 0.999998 -0.000310	-0.994520 -0.002104 -0.104527
0 1464094277 0 0 -1 1 1 100.000000 100.000000 115.000000
Geometry Element
GEOM_ELEMENT 5
-3604.584717 -4.441393 -202.614990
-0.052336 0.000201 0.998629	-0.002083 0.999998 -0.000310	-0.998627 -0.002096 -0.052335
0 1464094277 0 0 -1 1 1 100.000000 100.000000 120.000000
Geometry Element
