[header]
count=4
tint=1.000000,0.728477,0.728477,0.728477
ambient=1.000000,0.701987,0.701987,0.701987
interior=1.000000,0.874172,0.874172,0.874172
lightdecal=1.000000,1.086093,1.086093,1.086093

[section0]
startslice=0
endslice=0
texture1=542722899
clamp1=0
clamp2=1
tint1=1.000000,1.000000,1.000000,1.000000
tint2=1.000000,1.000000,1.000000,1.000000
texture1=542722899
clamp1=0
clamp2=0
tint1=1.000000,1.000000,1.000000,1.000000
tint2=1.000000,1.000000,1.000000,1.000000
texture1.open=538976305
texture1.covered=538976305
texture2.open=538976305
texture2.covered=538976305
texture3.open=538976305
texture3.covered=538976305
texturesize=6.000000
aspect=1.000000

[section1]
startslice=56
endslice=105
texture1.open=540103764
texture1.covered=540103764
texture2.open=540103764
texture2.covered=540103764
texture3.open=540169300
texture3.covered=540169300
texturesize=20.000000
aspect=1.000000

[section2]
startslice=127
endslice=337
texture1.open=540103764
texture1.covered=540103764
texture2.open=540103764
texture2.covered=540103764
texture3.open=540169300
texture3.covered=540169300
texturesize=20.000000
aspect=1.000000

[section3]
startslice=1808
endslice=1857
texture1.open=540103764
texture1.covered=540103764
texture2.open=540103764
texture2.covered=540103764
texture3.open=540169300
texture3.covered=540169300
texturesize=20.000000
aspect=1.000000


