TRIGGER_ELEMENT 5
-3525.445801 109.118591 -3373.446533
0.970574 0.101461 -0.218382	-0.098987 0.994839 0.022272	-0.219491 0.000000 -0.975614
2 1 1.000000 23.947170 0.250000 0.000000 200.000000 -1 -1 -1 -1 -1 -1 0 65535 0 0
-3528.073975 109.118591 -3385.128174	-3522.817627 109.118591 -3361.764893
0 0.000000 0.000000 0.000000	0 0.000000 0.000000 0.000000

TRIGGER_ELEMENT 5
-329.030762 84.176750 140.002960
0.002218 -0.138525 0.990357	0.000310 0.990359 0.138524	0.999997 0.000000 -0.002242
1 1 1.000000 20.232748 0.250000 0.000000 200.000000 -1 -1 -1 -1 -1 -1 0 65535 0 0
-318.914429 84.176750 139.980286	-339.147095 84.176750 140.025635
0 0.000000 0.000000 0.000000	0 0.000000 0.000000 0.000000

GEOM_ELEMENT 5
-329.643372 84.704346 136.232529
1.000000 -0.000307 -0.000043	0.000310 0.990359 0.138527	0.000000 -0.138527 0.990359
0 1213419078 0 0 -1 1 1 100.000000 100.000000 100.000000
Geometry Element
GEOM_ELEMENT 5
-335.765381 84.707672 136.250244
0.999979 -0.005631 -0.000788	0.005686 0.990344 0.138512	-0.000000 -0.138514 0.990355
0 1213419078 0 0 -1 1 1 100.000000 100.000000 100.000000
Geometry Element
