TRIGGER_ELEMENT 5
-329.071472 85.624474 129.652924
0.002218 -0.138526 0.990356	0.000310 0.990359 0.138525	0.999983 0.000000 0.005802
6 1 1.000000 20.444599 0.250000 0.000000 200.000000 -1 -1 -1 -1 1 -1 0 65535 0 0
-318.849335 85.624474 129.712234	-339.293610 85.624474 129.593613
1 0.002228 -0.138527 0.990356	0 0.000000 0.000000 0.000000
Start Trigger
CAMERA_ELEMENT 4
-319.304413 87.222580 138.895248
1.000000 0.000000 0.000000	0.000000 1.000000 0.000000	0.000000 0.000000 1.000000
0 0.000000 1
1 1 11 0 0 3.000000 1 15.000000 0.800000
-0.400000 0.000000 0.500000
FWD Start Spline C1
TRIGGER_ELEMENT 5
-356.637726 78.742561 249.939835
-0.765838 -0.000238 0.643034	-0.000182 1.000000 0.000153	0.680457 0.000000 0.732788
6 1 1.000000 24.561096 0.250000 0.000000 200.000000 -1 -1 -1 -1 3 -1 0 65535 0 0
-348.281342 78.742561 258.938873	-364.994110 78.742561 240.940796
1 -0.765837 -0.000237 0.643035	0 0.000000 0.000000 0.000000

CAMERA_ELEMENT 4
-407.450836 81.936989 256.234650
0.087156 0.000000 0.996195	0.000000 1.000000 0.000000	-0.996195 0.000000 0.087156
0 0.000000 1
1 1 12 1 0 3.000000 0 45.000000 0.600000
0.000000 0.000000 0.000000
FWD: Lens Tight C2
TRIGGER_ELEMENT 5
-407.407562 78.606735 269.944641
-0.998666 0.032903 -0.039802	0.032877 0.999458 0.001310	0.008986 0.000000 0.999960
6 1 1.000000 24.555000 0.250000 0.000000 200.000000 -1 -1 -1 -1 5 -1 0 65535 0 0
-407.297241 78.606735 282.221649	-407.517883 78.606735 257.667633
1 -0.998666 0.032906 -0.039795	0 0.000000 0.000000 0.000000

CAMERA_ELEMENT 4
-407.855896 81.014313 267.869812
1.000000 0.000000 0.000000	0.000000 1.000000 0.000000	0.000000 0.000000 1.000000
0 0.000000 1
1 0 12 0 0 3.000000 1 10.000000 0.600000
0.000000 0.000000 0.000000
FWD: Fov C2a
TRIGGER_ELEMENT 5
-479.514099 79.855576 229.285278
-0.821213 -0.077900 -0.565279	-0.064167 0.996961 -0.044169	-0.593401 0.000000 0.804907
6 1 1.000000 25.336899 0.250000 0.000000 200.000000 -1 -1 -1 -1 7 -1 0 65535 0 0
-487.031555 79.855576 239.482208	-471.996643 79.855576 219.088348
1 -0.821219 -0.077895 -0.565271	0 0.000000 0.000000 0.000000

CAMERA_ELEMENT 4
-592.114990 89.447060 199.359283
0.870379 -0.073270 -0.486903	0.099020 0.994711 0.027321	0.482325 -0.071993 0.873030
0 0.000000 1
1 1 12 0 0 3.000000 1 30.000000 0.600000
0.000000 0.000000 0.000000
FWD: Fov C3
TRIGGER_ELEMENT 5
-525.063721 78.297417 212.260620
-0.987857 0.034597 -0.151465	0.034197 0.999401 0.005243	-0.172296 0.000000 0.985045
6 1 1.000000 25.029972 0.250000 0.000000 200.000000 -1 -1 -1 -1 9 -1 0 65535 0 0
-527.220032 78.297417 224.588440	-522.907410 78.297417 199.932800
1 -0.987858 0.034599 -0.151459	0 0.000000 0.000000 0.000000

CAMERA_ELEMENT 4
-522.866211 82.437096 214.634811
1.000000 0.000000 0.000000	0.000000 1.000000 0.000000	0.000000 0.000000 1.000000
0 0.000000 1
1 0 12 1 0 3.000000 0 45.000000 0.600000
0.000000 0.000000 0.000000
FWD: Lens Tight C3a
TRIGGER_ELEMENT 5
-594.953125 79.973595 223.505127
-0.822679 -0.006462 0.568470	-0.005316 0.999979 0.003674	0.551473 0.000000 0.834193
6 1 1.000000 33.266586 0.250000 0.000000 200.000000 -1 -1 -1 -1 11 -1 0 65535 0 0
-585.780334 79.973595 237.380508	-604.125916 79.973595 209.629745
1 -0.822685 -0.006462 0.568461	0 0.000000 0.000000 0.000000

CAMERA_ELEMENT 4
-593.507080 83.017723 224.686523
1.000000 0.000000 0.000000	0.000000 1.000000 0.000000	0.000000 0.000000 1.000000
0 0.000000 1
1 0 12 0 0 3.000000 1 5.000000 0.600000
0.000000 0.000000 0.000000
FWD: FOV Tight C3b
TRIGGER_ELEMENT 5
-647.532227 75.719215 322.827789
-0.368610 -0.052018 0.928127	-0.019200 0.998646 0.048345	0.929385 0.000000 0.369112
6 1 1.000000 25.234100 0.250000 0.000000 200.000000 -1 -1 -1 -1 13 -1 0 65535 0 0
-635.806152 75.719215 327.484894	-659.258301 75.719215 318.170685
1 -0.368593 -0.052017 0.928135	0 0.000000 0.000000 0.000000

CAMERA_ELEMENT 4
-670.425171 76.781258 349.373962
1.000000 0.000000 0.000000	0.000000 1.000000 0.000000	0.000000 0.000000 1.000000
0 0.000000 1
1 1 11 1 0 10.000000 0 2.000000 0.400000
1.000000 0.000000 0.000000
FWD: Spline Lens C4
TRIGGER_ELEMENT 5
-660.077881 73.657379 352.381378
-0.413858 -0.093620 0.905515	-0.038916 0.995608 0.085148	0.912771 0.000000 0.408471
6 1 1.000000 25.884899 0.250000 0.000000 200.000000 -1 -1 -1 -1 15 -1 0 65535 0 0
-648.264404 73.657379 357.667999	-671.891357 73.657379 347.094757
1 -0.413875 -0.093619 0.905507	0 0.000000 0.000000 0.000000

CAMERA_ELEMENT 4
-661.308472 76.135208 349.892944
1.000000 0.000000 0.000000	0.000000 1.000000 0.000000	0.000000 0.000000 1.000000
0 0.000000 1
1 0 11 0 0 15.000000 1 15.000000 0.800000
1.000000 0.000000 1.000000
FWD: Fov change C4a
TRIGGER_ELEMENT 5
-792.308105 50.465458 457.568787
-0.976638 -0.059186 -0.206580	-0.057904 0.998247 -0.012248	-0.175182 0.000000 0.984536
6 1 1.000000 25.367468 0.250000 0.000000 200.000000 -1 -1 -1 -1 17 -1 0 65535 0 0
-794.530090 50.465458 470.056366	-790.086121 50.465458 445.081207
1 -0.976639 -0.059186 -0.206577	0 0.000000 0.000000 0.000000

CAMERA_ELEMENT 4
-794.451721 55.682178 470.636292
-0.572798 -0.011213 0.819620	-0.148355 0.984812 -0.090206	-0.806160 -0.173264 -0.565762
0 0.000000 0
1 1 12 0 0 3.000000 1 11.000000 0.600000
0.000000 0.000000 0.000000
FWD: Static C5
TRIGGER_ELEMENT 5
-870.946777 45.692886 401.653809
-0.563942 -0.076582 -0.822255	-0.043315 0.997063 -0.063155	-0.814800 0.000000 0.579742
6 1 1.000000 20.130613 0.250000 0.000000 200.000000 -1 -1 -1 -1 19 -1 0 65535 0 0
-879.148010 45.692886 407.489075	-862.745544 45.692886 395.818542
1 -0.563953 -0.076578 -0.822248	0 0.000000 0.000000 0.000000

CAMERA_ELEMENT 4
-874.965515 48.543533 370.866272
0.292371 0.000000 0.956305	0.000000 1.000000 0.000000	-0.956305 0.000000 0.292371
0 0.000000 1
1 1 12 1 0 3.000000 0 45.000000 0.600000
0.000000 0.000000 0.000000
FWD: FOV C6
TRIGGER_ELEMENT 5
-994.241272 24.982206 326.280701
-0.974986 -0.150072 -0.163952	-0.147994 0.988675 -0.024886	-0.154598 0.000000 0.987978
6 1 1.000000 20.631615 0.250000 0.000000 200.000000 -1 -1 -1 -1 21 -1 0 65535 0 0
-995.836060 24.982206 336.472504	-992.646484 24.982206 316.088898
1 -0.974988 -0.150074 -0.163942	0 0.000000 0.000000 0.000000

CAMERA_ELEMENT 4
-1051.659058 21.125357 320.402985
-0.798636 0.000000 0.601815	0.000000 1.000000 0.000000	-0.601815 0.000000 -0.798636
0 0.000000 1
1 1 12 1 0 3.000000 0 25.000000 0.600000
0.000000 0.000000 0.000000
FWD: FOV C7
TRIGGER_ELEMENT 5
-1148.896240 3.347582 211.153900
-0.936916 0.000000 -0.349553	0.000000 1.000000 0.000000	-0.340351 0.000000 0.940298
6 1 1.000000 19.002199 0.250000 0.000000 200.000000 -1 -1 -1 -1 23 -1 0 65535 0 0
-1152.130005 3.347582 220.087769	-1145.662476 3.347582 202.220032
1 -0.936915 0.000000 -0.349558	0 0.000000 0.000000 0.000000

CAMERA_ELEMENT 4
-1157.453247 9.657517 215.714996
-0.560843 0.015962 0.827768	-0.048670 0.997449 -0.052210	-0.826491 -0.069569 -0.558636
0 0.000000 0
1 1 12 0 0 3.000000 1 60.000000 0.600000
0.000000 0.000000 0.000000
FWD: Static J1R C8
TRIGGER_ELEMENT 5
-1273.038818 0.351945 154.694122
-0.915948 -0.075808 -0.394071	-0.069637 0.997122 -0.029960	-0.397343 0.000000 0.917670
6 1 1.000000 74.762703 0.250000 0.000000 200.000000 -1 -1 -1 -1 25 -1 0 65535 0 0
-1287.892090 0.351945 188.997864	-1258.185547 0.351945 120.390381
1 -0.915939 -0.075812 -0.394093	0 0.000000 0.000000 0.000000

CAMERA_ELEMENT 4
-1306.397339 7.742262 164.339264
-0.990269 0.000000 0.139173	-0.058817 0.906308 -0.418506	-0.126133 -0.422618 -0.897488
0 0.000000 1
1 1 12 1 0 4.000000 0 17.000000 0.600000
0.000000 0.000000 0.000000
FWD: FOV Tight Graveyard C9
TRIGGER_ELEMENT 5
-1125.179443 3.314307 198.348587
-0.293232 -0.004894 -0.956029	-0.001435 0.999988 -0.004679	-0.956038 0.000000 0.293244
6 1 1.000000 25.502100 0.250000 0.000000 200.000000 -1 -1 -1 -1 27 -1 0 65535 0 0
-1137.369873 3.314307 202.087753	-1112.989014 3.314307 194.609421
1 -0.293216 -0.004894 -0.956034	0 0.000000 0.000000 0.000000

CAMERA_ELEMENT 4
-1143.105469 9.867846 188.560410
1.000000 0.000000 0.000000	0.000000 1.000000 0.000000	0.000000 0.000000 1.000000
0 0.000000 1
1 1 11 1 0 5.000000 0 45.000000 0.800000
0.000000 0.000000 0.000000
FWD: Spline J1L C10
TRIGGER_ELEMENT 5
-1212.775879 3.538300 75.441727
-0.955052 -0.018113 -0.295886	-0.017301 0.999836 -0.005360	-0.319801 0.000000 0.947485
6 1 1.000000 18.934200 0.250000 0.000000 200.000000 -1 -1 -1 -1 29 -1 0 65535 0 0
-1215.803467 3.538300 84.411659	-1209.748291 3.538300 66.471794
1 -0.955055 -0.018112 -0.295876	0 0.000000 0.000000 0.000000

CAMERA_ELEMENT 4
-1207.583130 9.255573 70.636520
0.139507 -0.004857 0.990209	-0.137059 0.990268 0.024167	-0.980690 -0.139088 0.137484
0 0.000000 0
1 1 12 0 0 3.000000 1 13.000000 0.600000
0.000000 0.000000 0.000000
FWD: Static J1L C11
TRIGGER_ELEMENT 5
-1391.380127 -5.682056 114.598900
-0.912878 -0.027417 0.407311	-0.025038 0.999624 0.011172	0.407464 0.000000 0.913221
6 1 1.000000 19.033800 0.250000 0.000000 200.000000 -1 -1 -1 -1 31 -1 0 65535 0 0
-1387.502319 -5.682056 123.289932	-1395.257935 -5.682056 105.907867
1 -0.912872 -0.027418 0.407324	0 0.000000 0.000000 0.000000

CAMERA_ELEMENT 4
-1460.316528 -0.760174 135.651825
0.753151 -0.050216 -0.655929	0.076797 0.996977 0.011854	0.653350 -0.059301 0.754730
0 0.000000 1
1 1 12 1 0 3.000000 0 45.000000 0.600000
0.000000 0.000000 0.000000
FWD: Post J1 C12
TRIGGER_ELEMENT 5
-1518.586914 -3.221912 258.027740
-0.239956 0.039787 0.969968	0.009555 0.999208 -0.038623	0.969232 0.000000 0.246149
6 1 1.000000 21.888800 0.250000 0.000000 200.000000 -1 -1 -1 -1 33 -1 0 65535 0 0
-1507.979248 -3.221912 260.721680	-1529.194580 -3.221912 255.333786
1 -0.239988 0.039787 0.969960	0 0.000000 0.000000 0.000000

CAMERA_ELEMENT 4
-1522.951050 0.813379 269.520599
1.000000 0.000000 0.000000	0.000000 1.000000 0.000000	0.000000 0.000000 1.000000
0 0.000000 1
1 1 11 0 0 3.000000 1 45.000000 0.800000
1.000000 0.000000 1.000000
FWD: Spline Forest Exit C13
TRIGGER_ELEMENT 5
-1630.307983 -15.899384 385.160583
-0.994157 0.026565 0.104628	0.026419 0.999647 -0.002780	0.120247 0.000000 0.992744
6 1 1.000000 33.155602 0.250000 0.000000 200.000000 -1 -1 -1 -1 35 -1 0 65535 0 0
-1628.314575 -15.899384 401.618103	-1632.301392 -15.899384 368.703064
1 -0.994158 0.026565 0.104616	0 0.000000 0.000000 0.000000

CAMERA_ELEMENT 4
-1875.833130 10.066911 460.884369
-0.586518 0.020213 -0.809684	0.092724 0.994792 -0.042334	0.804611 -0.099906 -0.585338
0 0.000000 1
1 1 12 0 0 3.000000 1 45.000000 0.600000
0.000000 0.000000 0.000000
FWD: FOV Cam House1 C14
TRIGGER_ELEMENT 5
-1785.289063 -9.603557 411.235748
-0.777702 -0.090750 0.622048	-0.070869 0.995874 0.056685	0.633035 0.000000 0.774123
6 1 1.000000 29.440100 0.250000 0.000000 200.000000 -1 -1 -1 -1 37 -1 0 0 0 0
-1775.970703 -9.603557 422.630890	-1794.607422 -9.603557 399.840607
1 -0.777709 -0.090750 0.622039	0 0.000000 0.000000 0.000000
Replay Camera Trigger
CAMERA_ELEMENT 4
-1784.767822 -6.892549 410.718414
1.000000 0.000000 0.000000	0.000000 1.000000 0.000000	0.000000 0.000000 1.000000
0 0.000000 1
1 0 12 1 0 3.000000 0 45.000000 0.600000
0.000000 0.000000 0.000000
FWD: Lens C14a
CAMERA_ELEMENT 4
-1902.639526 5.687660 447.296936
-0.069757 0.000000 0.997564	-0.138834 0.990268 -0.009708	-0.987856 -0.139173 -0.069078
0 0.000000 0
1 1 11 0 0 3.000000 1 20.000000 1.000000
0.000000 0.000000 0.000000
FWD: No Track Spline C15
TRIGGER_ELEMENT 5
-1928.900391 -0.875639 445.391602
-0.990093 -0.138033 -0.025744	-0.137986 0.990428 -0.003588	-0.016749 0.000000 0.999860
6 1 1.000000 23.038601 0.250000 0.000000 200.000000 -1 -1 -1 -1 38 -1 0 65535 0 0
-1929.093384 -0.875639 456.909302	-1928.707397 -0.875639 433.873901
1 -0.990093 -0.138030 -0.025756	0 0.000000 0.000000 0.000000

TRIGGER_ELEMENT 5
-2086.369629 -17.389887 429.558533
-0.919535 0.015964 0.392684	0.014681 0.999873 -0.006270	0.367135 0.000000 0.930167
6 1 1.000000 18.862743 0.250000 0.000000 200.000000 -1 -1 -1 -1 41 -1 0 65535 0 0
-2082.906982 -17.389887 438.331299	-2089.832275 -17.389887 420.785767
1 -0.919524 0.015966 0.392708	0 0.000000 0.000000 0.000000

CAMERA_ELEMENT 4
-2148.768799 -10.152733 449.055115
0.933581 0.000000 -0.358367	0.000000 1.000000 0.000000	0.358367 0.000000 0.933581
0 0.000000 1
1 1 12 1 0 5.000000 0 45.000000 0.600000
0.000000 0.000000 0.000000
FWD: Lens House2 C16
CAMERA_ELEMENT 4
-2214.958008 -12.217399 519.010071
-0.071968 0.015341 0.997289	-0.068821 0.997423 -0.020309	-0.995031 -0.070096 -0.070727
0 0.000000 0
1 1 12 0 0 3.000000 1 31.000000 0.600000
0.000000 0.000000 0.000000
FWD: Static FOV C17
TRIGGER_ELEMENT 5
-2214.474121 -13.151586 506.412933
-0.845521 -0.134458 0.516736	-0.114729 0.990919 0.070116	0.525521 0.000000 0.850781
6 1 1.000000 18.752468 0.250000 0.000000 200.000000 -1 -1 -1 -1 42 -1 0 65535 0 0
-2209.546631 -13.151586 514.390076	-2219.401611 -13.151586 498.435822
1 -0.845508 -0.134465 0.516754	0 0.000000 0.000000 0.000000

TRIGGER_ELEMENT 5
-2384.450195 -31.198280 527.229370
-0.894669 0.020549 -0.446256	0.018389 0.999789 0.009172	-0.428409 0.000000 0.903585
6 1 1.000000 22.090099 0.250000 0.000000 200.000000 -1 -1 -1 -1 45 -1 0 65535 0 0
-2389.181885 -31.198280 537.209534	-2379.718506 -31.198280 517.249207
1 -0.894702 0.020548 -0.446191	0 0.000000 0.000000 0.000000

CAMERA_ELEMENT 4
-2429.662354 -16.495008 536.945618
-0.694658 0.000000 -0.719340	0.269470 0.927184 -0.260224	0.666961 -0.374607 -0.644076
0 0.000000 1
1 1 11 1 0 5.000000 0 17.000000 0.600000
0.000000 0.000000 0.000000
FWD: Spline Along wires C18
TRIGGER_ELEMENT 5
-2546.200195 -22.965342 391.412109
-0.812845 -0.109550 -0.572086	-0.089586 0.993981 -0.063052	-0.582336 0.000000 0.812948
6 1 1.000000 18.737301 0.250000 0.000000 200.000000 -1 -1 -1 -1 47 -1 0 65535 0 0
-2551.656006 -22.965342 399.028320	-2540.744385 -22.965342 383.795898
1 -0.812812 -0.109560 -0.572130	0 0.000000 0.000000 0.000000

CAMERA_ELEMENT 4
-2597.822754 -26.088089 352.078674
0.587535 0.028711 -0.808689	-0.018895 0.999585 0.021762	0.808979 0.002495 0.587834
0 0.000000 1
1 1 11 0 0 3.000000 1 16.000000 0.400000
0.000000 0.000000 0.000000
FWD: Low Spline Static C19
TRIGGER_ELEMENT 5
-2656.871826 -21.035213 340.758514
-0.949510 0.112844 -0.292740	0.107835 0.993613 0.033246	-0.294631 0.000000 0.955611
6 1 1.000000 18.740101 0.250000 0.000000 200.000000 -1 -1 -1 -1 49 -1 0 65535 0 0
-2659.632568 -21.035213 349.712646	-2654.111084 -21.035213 331.804382
1 -0.949510 0.112850 -0.292739	0 0.000000 0.000000 0.000000

CAMERA_ELEMENT 4
-2767.246338 -10.595690 323.831207
-0.656060 0.000000 0.754710	0.000000 1.000000 0.000000	-0.754710 0.000000 -0.656060
0 0.000000 1
1 1 12 0 0 3.000000 1 16.000000 0.600000
0.000000 0.000000 0.000000
FWD: Porch Cam C20
TRIGGER_ELEMENT 5
-2873.296875 -26.898455 242.987915
-0.572144 0.018920 -0.819935	0.010827 0.999821 0.015516	-0.809086 0.000000 0.587691
6 1 1.000000 21.249500 0.250000 0.000000 200.000000 -1 -1 -1 -1 51 -1 0 65535 0 0
-2881.893311 -26.898455 249.231979	-2864.700439 -26.898455 236.743851
1 -0.572228 0.018920 -0.819877	0 0.000000 0.000000 0.000000

CAMERA_ELEMENT 4
-2907.513672 -10.210575 152.815765
-1.000000 0.000000 0.000000	0.000000 1.000000 0.000000	0.000000 0.000000 -1.000000
0 0.000000 1
1 1 10 0 0 3.000000 0 45.000000 0.800000
2.000000 0.000000 1.000000
FWD: Spline Heli Cam C21
CAMERA_ELEMENT 4
-3071.261230 5.068856 83.833000
-0.173648 0.000000 -0.984808	0.000000 1.000000 0.000000	0.984808 0.000000 -0.173648
0 0.000000 1
1 1 12 0 0 3.000000 1 18.000000 0.600000
0.000000 0.000000 0.000000
FWD: FOV into town J2 C22
TRIGGER_ELEMENT 5
-3150.969238 -0.484688 81.863785
-0.994601 -0.058347 0.085814	-0.058132 0.998296 0.005016	0.048660 0.000000 0.998815
6 1 1.000000 40.406502 0.250000 0.000000 200.000000 -1 -1 -1 -1 55 -1 0 65535 0 0
-3149.986084 -0.484688 102.043091	-3151.952393 -0.484688 61.684475
1 -0.994601 -0.058346 0.085813	0 0.000000 0.000000 0.000000

TRIGGER_ELEMENT 5
-2987.806641 -3.263458 84.745094
-0.917492 0.136964 -0.373428	0.126859 0.990576 0.051633	-0.399776 0.000000 0.916613
6 1 1.000000 18.669600 0.250000 0.000000 200.000000 -1 -1 -1 -1 52 -1 0 65535 0 0
-2991.538574 -3.263458 93.301491	-2984.074707 -3.263458 76.188698
1 -0.917490 0.136966 -0.373432	0 0.000000 0.000000 0.000000

CAMERA_ELEMENT 4
-3221.978027 0.713555 95.154037
0.927184 0.000000 0.374607	0.000000 1.000000 0.000000	-0.374607 0.000000 0.927184
0 0.000000 1
1 1 12 1 0 7.000000 0 23.000000 0.600000
0.000000 0.000000 0.000000
FWD: Town Porch Cam J2 C23
TRIGGER_ELEMENT 5
-3252.498291 -5.379965 131.074127
-0.946896 -0.053603 0.317039	-0.050829 0.998562 0.017019	0.356578 0.000000 0.934265
6 1 1.000000 59.928200 0.250000 0.000000 200.000000 -1 -1 -1 -1 57 -1 0 65535 0 0
-3241.813721 -5.379965 159.068542	-3263.182861 -5.379965 103.079720
1 -0.946886 -0.053609 0.317068	0 0.000000 0.000000 0.000000

CAMERA_ELEMENT 4
-3264.981445 -1.911018 157.830750
-0.981620 -0.001826 0.190840	-0.011769 0.998630 -0.050979	-0.190485 -0.052288 -0.980297
0 0.000000 1
1 1 10 0 0 3.000000 1 34.000000 1.000000
2.000000 0.000000 0.000000
FWD: Sky Spline By Gas J2R C24
TRIGGER_ELEMENT 5
-3377.145508 -6.318132 115.001434
-0.767793 0.025178 -0.640204	0.019338 0.999683 0.016124	-0.573286 0.000000 0.819355
6 1 1.000000 48.875000 0.250000 0.000000 200.000000 -1 -1 -1 -1 59 -1 0 65535 0 0
-3391.155273 -6.318132 135.024414	-3363.135742 -6.318132 94.978447
1 -0.767804 0.025177 -0.640190	0 0.000000 0.000000 0.000000

CAMERA_ELEMENT 4
-3399.976074 -1.183900 -47.790359
-0.325568 0.000000 0.945519	0.000000 1.000000 0.000000	-0.945519 0.000000 -0.325568
0 0.000000 1
1 1 12 1 0 3.000000 0 45.000000 0.600000
0.000000 0.000000 0.000000
FWD: Town Porch Cam2 J2R C25
TRIGGER_ELEMENT 5
-3422.567627 -4.406712 -38.817566
-0.685662 0.033540 -0.727147	0.023010 0.999437 0.024402	-0.770044 0.000000 0.637991
6 1 1.000000 40.097698 0.250000 0.000000 200.000000 -1 -1 -1 -1 61 -1 0 65535 0 0
-3438.006104 -4.406712 -26.026581	-3407.129150 -4.406712 -51.608551
1 -0.685601 0.033543 -0.727204	0 0.000000 0.000000 0.000000

CAMERA_ELEMENT 4
-3420.604980 -1.703434 -35.525169
1.000000 0.000000 0.000000	0.000000 1.000000 0.000000	0.000000 0.000000 1.000000
0 0.000000 1
1 0 12 0 0 3.000000 1 20.000000 0.600000
0.000000 0.000000 0.000000
FWD: Porch Cam2 FOV Change
TRIGGER_ELEMENT 5
-3495.291016 -3.495385 -93.812897
-0.508830 -0.001053 -0.860867	-0.000536 0.999999 -0.000906	-0.842346 0.000000 0.538938
6 1 1.000000 20.497400 0.250000 0.000000 200.000000 -1 -1 -1 -1 99 -1 0 0 0 0
-3503.924072 -3.495385 -88.289482	-3486.657959 -3.495385 -99.336311
1 -0.508798 -0.001053 -0.860885	0 0.000000 0.000000 0.000000
Replay Camera Trigger
CAMERA_ELEMENT 4
-3561.428467 0.430814 -170.414597
-0.191443 -0.014163 -0.981402	-0.000914 0.999898 -0.014252	0.981504 -0.001831 -0.191436
0 0.000000 0
1 1 12 0 0 3.000000 1 20.000000 0.600000
0.000000 0.000000 0.000000
FWD: Bail Jump J2L C27
TRIGGER_ELEMENT 5
-3448.850098 -4.186178 -176.819916
-0.893886 0.001628 0.448291	0.001455 0.999999 -0.000730	0.439194 0.000000 0.898392
6 1 1.000000 43.628502 0.250000 0.000000 200.000000 -1 -1 -1 -1 63 -1 0 0 0 0
-3439.269531 -4.186178 -157.222168	-3458.430664 -4.186178 -196.417664
1 -0.893870 0.001628 0.448324	0 0.000000 0.000000 0.000000
Replay Camera Trigger
TRIGGER_ELEMENT 5
-3236.287598 -2.400869 34.805672
-0.700742 0.000000 -0.713415	0.000000 1.000000 0.000000	-0.692075 0.000000 0.721825
6 1 1.000000 46.492699 0.250000 0.000000 200.000000 -1 -1 -1 -1 66 -1 0 65535 0 0
-3252.375732 -2.400869 51.585468	-3220.199463 -2.400869 18.025875
1 -0.700713 0.000000 -0.713443	0 0.000000 0.000000 0.000000

CAMERA_ELEMENT 4
-3221.804199 3.322353 -37.684895
-0.729731 -0.069407 0.680203	-0.063070 0.997426 0.034113	-0.680819 -0.018007 -0.732230
0 0.000000 1
1 1 12 1 0 3.000000 0 34.000000 0.600000
0.000000 0.000000 0.000000
FWD: Town J2L C28
CAMERA_ELEMENT 4
-3338.431396 2.539923 -163.350464
-0.787722 -0.015921 0.615826	-0.085344 0.992847 -0.083498	-0.610091 -0.118330 -0.783446
0 0.000000 0
1 1 12 0 0 3.000000 1 36.000000 0.600000
0.000000 0.000000 0.000000
FWD: Static Town J2L C29
TRIGGER_ELEMENT 5
-3315.487549 0.000000 -178.027252
-0.906031 0.000000 -0.423211	0.000000 1.000000 0.000000	-0.436043 0.000000 0.899926
6 1 1.000000 45.143501 0.250000 0.000000 200.000000 -1 -1 -1 -1 67 -1 0 65535 0 0
-3325.329834 0.000000 -157.714340	-3305.645264 0.000000 -198.340164
1 -0.906024 0.000000 -0.423226	0 0.000000 0.000000 0.000000

TRIGGER_ELEMENT 5
-3477.336426 -4.143097 -150.412399
-0.500000 0.000000 0.866025	0.000000 1.000000 0.000000	-0.866025 0.000000 -0.500000
6 1 16.700001 57.600002 0.250000 0.000000 200.000000 -1 -1 -1 -1 169 -1 0 0 0 0
-3502.278076 -4.143097 -164.812393	-3452.394775 -4.143097 -136.012405
1 -0.499999 0.000000 0.866026	0 0.000000 0.000000 0.000000
Replay Camera Trigger
TRIGGER_ELEMENT 5
-3554.220459 -4.326577 -192.399048
-0.973134 0.000000 -0.230240	0.000000 1.000000 0.000000	-0.231062 0.000000 0.972939
6 1 1.000000 42.743858 0.250000 0.000000 200.000000 -1 -1 -1 -1 71 -1 0 65535 0 0
-3559.158691 -4.326577 -171.605469	-3549.282227 -4.326577 -213.192627
1 -0.973134 0.000000 -0.230237	0 0.000000 0.000000 0.000000

CAMERA_ELEMENT 4
-3602.647705 -1.015503 -210.794998
0.977744 0.023230 0.208514	-0.039967 0.996275 0.076418	-0.205962 -0.083051 0.975030
0 0.000000 1
1 1 11 1 0 3.000000 0 45.000000 0.600000
0.000000 0.000000 0.000000
FWD: Spline past town J2 C30
CAMERA_ELEMENT 4
-3785.057373 -10.640949 -289.309509
0.754710 0.000000 -0.656059	0.000000 1.000000 0.000000	0.656059 0.000000 0.754710
0 0.000000 1
1 1 12 0 0 3.000000 1 13.000000 0.600000
0.000000 0.000000 0.000000
FWD: FOV by house
TRIGGER_ELEMENT 5
-3727.667236 -10.466075 -222.009705
-0.910282 -0.061545 -0.409388	-0.056130 0.998104 -0.025244	-0.398519 0.000000 0.917160
6 1 1.000000 24.585800 0.250000 0.000000 200.000000 -1 -1 -1 -1 72 -1 0 65535 0 0
-3732.566162 -10.466075 -210.735153	-3722.768311 -10.466075 -233.284256
1 -0.910301 -0.061538 -0.409348	0 0.000000 0.000000 0.000000

TRIGGER_ELEMENT 5
-3826.400879 -10.988394 -409.279907
0.029625 -0.066048 -0.997377	0.001961 0.997816 -0.066019	-0.999788 0.000000 -0.020587
6 1 1.000000 26.322201 0.250000 0.000000 200.000000 -1 -1 -1 -1 75 -1 0 65535 0 0
-3839.559082 -10.988394 -409.550842	-3813.242676 -10.988394 -409.008972
1 0.029541 -0.066048 -0.997379	0 0.000000 0.000000 0.000000

CAMERA_ELEMENT 4
-3710.545654 -2.706685 -577.940979
-1.000000 0.000000 0.000000	0.000000 1.000000 0.000000	0.000000 0.000000 -1.000000
0 0.000000 1
1 1 12 0 0 3.000000 1 37.500000 0.600000
0.000000 0.000000 0.000000
FWD: Long 3 way C31
TRIGGER_ELEMENT 5
-3822.454590 -15.464561 -459.694580
0.186652 -0.027465 -0.982042	0.005128 0.999623 -0.026982	-0.985536 0.000000 -0.169465
6 1 1.000000 26.549000 0.250000 0.000000 200.000000 -1 -1 -1 -1 77 -1 0 65535 0 0
-3835.537109 -15.464561 -461.944153	-3809.372070 -15.464561 -457.445007
1 0.186761 -0.027464 -0.982021	0 0.000000 0.000000 0.000000

CAMERA_ELEMENT 4
-3822.746338 -12.654980 -457.233643
1.000000 0.000000 0.000000	0.000000 1.000000 0.000000	0.000000 0.000000 1.000000
0 0.000000 1
1 0 12 1 0 3.000000 0 45.000000 0.600000
0.000000 0.000000 0.000000
FWD: 3 way in C31a
TRIGGER_ELEMENT 5
-3696.343262 -12.448304 -583.902100
0.894678 -0.024195 -0.446057	0.021653 0.999707 -0.010795	-0.448051 0.000000 -0.894008
6 1 1.000000 29.959101 0.250000 0.000000 200.000000 -1 -1 -1 -1 79 -1 0 65535 0 0
-3703.054932 -12.448304 -597.293945	-3689.631592 -12.448304 -570.510254
1 0.894702 -0.024193 -0.446008	0 0.000000 0.000000 0.000000

CAMERA_ELEMENT 4
-3694.802002 -10.587439 -583.215027
1.000000 0.000000 0.000000	0.000000 1.000000 0.000000	0.000000 0.000000 1.000000
0 0.000000 1
1 0 12 0 0 3.000000 1 45.000000 0.600000
0.000000 0.000000 0.000000
FWD: 3 way out C31b
CAMERA_ELEMENT 4
-3568.841553 -22.740011 -635.986694
-0.985922 0.053471 -0.158432	0.085742 0.975110 -0.204474	0.143555 -0.215180 -0.965966
0 0.000000 0
1 1 12 0 0 3.000000 1 21.000000 0.600000
0.000000 0.000000 0.000000
FWD: Static post 3way C32
TRIGGER_ELEMENT 5
-3591.624512 -25.973995 -639.567932
0.822902 -0.116674 -0.556075	0.096671 0.993170 -0.065326	-0.549906 0.000000 -0.835227
6 1 1.000000 27.575497 0.250000 0.000000 200.000000 -1 -1 -1 -1 80 -1 0 65535 0 0
-3599.206543 -25.973995 -651.083862	-3584.042480 -25.973995 -628.052002
1 0.822926 -0.116664 -0.556042	0 0.000000 0.000000 0.000000

TRIGGER_ELEMENT 5
-3535.873779 -33.521122 -847.343140
-0.156138 0.041025 -0.986883	0.006411 0.999158 0.040521	-0.989729 0.000000 0.142957
6 1 1.000000 32.529400 0.250000 0.000000 200.000000 -1 -1 -1 -1 83 -1 0 65535 0 0
-3551.971436 -33.521122 -845.018005	-3519.776123 -33.521122 -849.668274
1 -0.156248 0.041027 -0.986865	0 0.000000 0.000000 0.000000

CAMERA_ELEMENT 4
-3520.628906 -29.394112 -849.634033
-0.356827 -0.009961 0.934118	-0.180190 0.981899 -0.058361	-0.916628 -0.189144 -0.352165
0 0.000000 1
1 1 11 1 0 5.000000 0 28.000000 0.800000
1.000000 0.000000 0.000000
FWD: Chase Spline noTrack C33
TRIGGER_ELEMENT 5
-3647.339600 -7.196583 -978.552185
-0.966673 0.151893 -0.206085	0.151903 0.988268 0.015869	-0.206078 0.015965 0.978405
6 1 1.000000 41.577499 0.250000 0.000000 200.000000 -1 -1 -1 -1 85 -1 0 0 0 0
-3651.623779 -6.864694 -958.212341	-3643.055420 -7.528472 -998.892029
1 -0.966659 0.151910 -0.206138	0 0.000000 0.000000 0.000000
Replay Camera Trigger
CAMERA_ELEMENT 4
-3769.851807 19.750601 -939.855225
-0.707107 0.000000 -0.707107	0.000000 1.000000 0.000000	0.707107 0.000000 -0.707107
0 0.000000 1
1 1 12 1 0 3.000000 0 45.000000 0.600000
0.000000 0.000000 0.000000
FWD: LENS J3 C34
TRIGGER_ELEMENT 5
-3833.008301 6.943978 -1000.589478
-0.699447 -0.055449 -0.712530	-0.038843 0.998461 -0.039570	-0.702617 0.000000 0.711568
6 1 1.000000 27.356501 0.250000 0.000000 200.000000 -1 -1 -1 -1 87 -1 0 0 0 0
-3842.618896 6.943978 -990.856445	-3823.397705 6.943978 -1010.322510
1 -0.699458 -0.055449 -0.712519	0 0.000000 0.000000 0.000000
Replay Camera Trigger
CAMERA_ELEMENT 4
-3861.265381 10.800963 -1021.338806
1.000000 0.000000 0.000000	0.000000 1.000000 0.000000	0.000000 0.000000 1.000000
0 0.000000 1
1 0 12 0 0 3.000000 1 45.000000 0.600000
0.000000 0.000000 0.000000
FWD: FOV Change J3L C34a
TRIGGER_ELEMENT 5
-3915.667480 -0.397750 -1122.498901
0.086431 -0.000598 -0.996258	0.000052 1.000000 -0.000596	-0.997963 0.000000 -0.063803
6 1 1.000000 24.768999 0.250000 0.000000 200.000000 -1 -1 -1 -1 89 -1 0 65535 0 0
-3928.026855 -0.397750 -1123.289063	-3903.308105 -0.397750 -1121.708740
1 0.086429 -0.000598 -0.996258	0 0.000000 0.000000 0.000000

CAMERA_ELEMENT 4
-3921.544922 13.429353 -1243.256104
0.959923 -0.190943 -0.205153	0.204537 0.977728 0.047040	0.191601 -0.087116 0.977599
0 0.000000 1
1 1 12 0 0 3.000000 1 30.000000 0.600000
0.000000 0.000000 0.000000
FWD: Sky Cam J3L C35
CAMERA_ELEMENT 4
-3812.328369 -0.638153 -1316.652344
0.224938 -0.017283 -0.974220	0.001521 0.999848 -0.017386	0.974372 0.002429 0.224930
0 0.000000 1
1 1 12 1 0 3.000000 0 45.000000 0.600000
0.000000 0.000000 0.000000
FWD: Follow post sky J3L C36
TRIGGER_ELEMENT 5
-3862.114990 -4.587389 -1253.791748
0.776274 -0.032588 -0.629553	0.025311 0.999469 -0.020527	-0.618196 0.000000 -0.786024
6 1 1.000000 21.234203 0.250000 0.000000 200.000000 -1 -1 -1 -1 90 -1 0 65535 0 0
-3868.678467 -4.587389 -1262.137085	-3855.551514 -4.587389 -1245.446411
1 0.776329 -0.032586 -0.629485	0 0.000000 0.000000 0.000000

CAMERA_ELEMENT 4
-3669.951904 2.947070 -1383.552368
0.707194 0.011362 0.706928	0.039958 0.997630 -0.056008	-0.705890 0.067856 0.705064
0 0.000000 1
1 1 12 0 0 3.000000 0 45.000000 0.400000
-2.000000 0.000000 -1.000000
FWD: Spline
TRIGGER_ELEMENT 5
-3704.766602 -4.078124 -1334.666626
0.866029 0.007539 -0.499937	-0.006530 0.999972 0.003769	-0.479787 0.000000 -0.877385
6 1 1.000000 22.388357 0.250000 0.000000 200.000000 -1 -1 -1 -1 92 -1 0 65535 0 0
-3710.137451 -4.078124 -1344.488281	-3699.395752 -4.078124 -1324.844971
1 0.866039 0.007540 -0.499920	0 0.000000 0.000000 0.000000

TRIGGER_ELEMENT 5
-3682.429199 4.544633 -1507.220337
-0.472946 0.097972 -0.875628	0.046560 0.995189 0.086202	-0.890836 0.000000 0.454325
6 1 1.000000 22.459299 0.250000 0.000000 200.000000 -1 -1 -1 -1 95 -1 0 65535 0 0
-3692.432861 4.544633 -1502.118408	-3672.425537 4.544633 -1512.322266
1 -0.472918 0.097976 -0.875642	0 0.000000 0.000000 0.000000

CAMERA_ELEMENT 4
-3703.705811 19.260588 -1558.480225
0.939693 0.000000 -0.342020	0.205833 0.798636 0.565521	0.273149 -0.601815 0.750472
0 0.000000 0
1 1 12 0 0 3.000000 1 28.000000 0.600000
0.000000 0.000000 0.000000
FWD: Forward <- J3L C37
CAMERA_ELEMENT 4
-3703.705811 19.260588 -1558.480225
-0.920505 0.000000 -0.390732	0.107700 0.961262 -0.253726	0.375595 -0.275637 -0.884846
0 0.000000 0
1 1 12 0 0 3.000000 1 20.000000 0.600000
0.000000 0.000000 0.000000
FWD: Back -> J3L C38
TRIGGER_ELEMENT 5
-3703.195313 12.271460 -1558.384277
0.142902 0.121919 -0.982199	-0.017553 0.992540 0.120649	-0.994646 0.000000 -0.103345
6 1 1.000000 22.707520 0.250000 0.000000 200.000000 -1 -1 -1 -1 96 -1 0 65535 0 0
-3714.488281 12.271460 -1559.557617	-3691.902344 12.271460 -1557.210938
1 0.142827 0.121924 -0.982209	0 0.000000 0.000000 0.000000

TRIGGER_ELEMENT 5
-3668.470703 14.234835 -1638.341553
0.502409 -0.064006 -0.862258	0.032223 0.997950 -0.055303	-0.863457 0.000000 -0.504422
6 1 1.000000 24.739901 0.250000 0.000000 200.000000 -1 -1 -1 -1 232 -1 0 0 0 0
-3679.151611 14.234835 -1644.581177	-3657.789795 14.234835 -1632.101929
1 0.502413 -0.064002 -0.862256	0 0.000000 0.000000 0.000000
Replay Camera Trigger
CAMERA_ELEMENT 4
-3543.236084 -1.133021 -162.422073
-0.782551 0.067176 0.618872	-0.118103 0.960133 -0.253349	-0.611620 -0.271350 -0.743232
0 0.000000 1
1 1 12 0 0 3.000000 1 40.000000 0.600000
0.000000 0.000000 0.000000
FWD: Out J3 Sky C39
TRIGGER_ELEMENT 5
-3950.435791 -8.102560 -918.833374
-0.985603 -0.036872 -0.165006	-0.036366 0.999320 -0.006088	-0.150746 0.000000 0.988573
6 1 1.000000 32.987499 0.250000 0.000000 200.000000 -1 -1 -1 -1 101 -1 0 65535 0 0
-3952.922119 -8.102560 -902.528076	-3947.949463 -8.102560 -935.138672
1 -0.985607 -0.036872 -0.164980	0 0.000000 0.000000 0.000000

CAMERA_ELEMENT 4
-4033.520996 -1.663561 -931.565979
0.121869 0.000000 -0.992546	0.000000 1.000000 0.000000	0.992546 0.000000 0.121869
0 0.000000 1
1 1 11 0 0 3.000000 1 45.000000 1.000000
0.000000 0.000000 0.000000
FWD: Long spline J3R C40
TRIGGER_ELEMENT 5
-4066.739746 -10.423067 -980.872681
-0.599202 -0.000914 -0.800597	-0.000548 1.000000 -0.000732	-0.790385 0.000000 0.612611
6 1 1.000000 31.546335 0.250000 0.000000 200.000000 -1 -1 -1 -1 103 -1 0 0 1 0
-4079.206543 -10.423067 -971.209839	-4054.272949 -10.423067 -990.535522
1 -0.599150 -0.000914 -0.800636	0 0.000000 0.000000 0.000000

CAMERA_ELEMENT 4
-4066.924561 -6.803438 -982.700623
0.788027 -0.005103 -0.615620	-0.006254 0.999848 -0.016293	0.615609 0.016690 0.787875
0 0.000000 1
1 0 11 1 0 3.000000 0 45.000000 0.800000
-2.000000 0.000000 0.000000
FWD: Lens J3R C40a
TRIGGER_ELEMENT 5
-4165.812500 -4.337349 -1216.916016
-0.008545 0.096408 -0.995305	0.000828 0.995342 0.096404	-0.999738 0.000000 0.022891
6 1 1.000000 28.832300 0.250000 0.000000 200.000000 -1 -1 -1 -1 105 -1 0 65535 0 0
-4180.225098 -4.337349 -1216.586060	-4151.399902 -4.337349 -1217.245972
1 -0.008789 0.096402 -0.995304	0 0.000000 0.000000 0.000000

CAMERA_ELEMENT 4
-4149.833984 9.260611 -1343.056152
1.000000 0.000000 0.000000	0.000000 1.000000 0.000000	0.000000 0.000000 1.000000
0 0.000000 1
1 1 12 0 0 3.000000 1 30.000000 0.600000
0.000000 0.000000 0.000000
FWD: Far right J3R C41
CAMERA_ELEMENT 4
-4087.400146 35.057812 -1331.956665
-0.961262 0.000000 0.275637	-0.062005 0.974370 -0.216237	-0.268573 -0.224951 -0.936625
0 0.000000 0
1 1 12 0 0 3.000000 1 22.000000 0.600000
0.000000 0.000000 0.000000
FWD: Sky Static J3R C42
TRIGGER_ELEMENT 5
-4131.083984 7.926425 -1349.574951
0.420889 0.043532 -0.906067	-0.018339 0.999052 0.039480	-0.909159 0.000000 -0.416449
6 1 1.000000 30.075399 0.250000 0.000000 200.000000 -1 -1 -1 -1 106 -1 0 65535 0 0
-4144.755859 7.926425 -1355.837402	-4117.412109 7.926425 -1343.312500
1 0.420874 0.043529 -0.906074	0 0.000000 0.000000 0.000000

TRIGGER_ELEMENT 5
-4094.618164 9.228818 -1422.849609
0.504391 -0.028314 -0.863011	0.014287 0.999599 -0.024445	-0.863339 0.000000 -0.504624
6 1 1.000000 34.837700 0.250000 0.000000 200.000000 -1 -1 -1 -1 109 -1 0 65535 0 0
-4109.656738 9.228818 -1431.639526	-4079.579834 9.228818 -1414.059692
1 0.504382 -0.028313 -0.863016	0 0.000000 0.000000 0.000000

CAMERA_ELEMENT 4
-4073.772949 11.443881 -1460.224121
0.865972 0.001214 0.500092	0.016397 0.999391 -0.030820	-0.499824 0.034889 0.865424
0 0.000000 0
1 1 11 0 0 3.000000 1 12.000000 1.000000
0.000000 0.000000 0.000000
FWD: Spline Jump J3R C43
TRIGGER_ELEMENT 5
-3714.691162 19.167343 -1691.750854
0.997098 -0.047886 0.059188	0.047802 0.998853 0.002838	0.066083 0.000000 -0.997814
6 1 1.000000 25.261299 0.250000 0.000000 200.000000 -1 -1 -1 -1 232 -1 0 0 0 0
-3713.856445 19.167343 -1704.353882	-3715.525879 19.167343 -1679.147827
1 0.997097 -0.047887 0.059206	0 0.000000 0.000000 0.000000
Replay Camera Trigger
CAMERA_ELEMENT 4
-3875.056885 23.174381 -1662.817871
0.438391 0.002730 0.898780	-0.141974 0.987651 0.066249	-0.887501 -0.156646 0.433365
0 0.000000 1
1 1 12 1 0 3.000000 0 26.000000 0.600000
0.000000 0.000000 0.000000
FWD: Lens J3R C44
TRIGGER_ELEMENT 5
-3993.490723 0.722907 -1596.604736
0.513937 -0.036679 -0.857043	0.018864 0.999327 -0.031457	-0.856325 0.000000 -0.516437
6 1 1.000000 34.359722 0.250000 0.000000 200.000000 -1 -1 -1 -1 111 -1 0 65535 0 0
-4008.202148 0.722907 -1605.477051	-3978.779297 0.722907 -1587.732422
1 0.513916 -0.036679 -0.857056	0 0.000000 0.000000 0.000000

TRIGGER_ELEMENT 5
-3555.081055 2.433331 -1710.491943
0.938157 -0.058188 -0.341285	0.054682 0.998306 -0.019892	-0.327749 0.000000 -0.944765
6 1 1.000000 31.287100 0.250000 0.000000 200.000000 -1 -1 -1 -1 114 -1 0 65535 0 0
-3560.208252 2.433331 -1725.271362	-3549.953857 2.433331 -1695.712524
1 0.938159 -0.058183 -0.341282	0 0.000000 0.000000 0.000000

CAMERA_ELEMENT 4
-3473.738037 14.631378 -1750.485596
-1.000000 0.000000 0.000000	0.000000 1.000000 0.000000	0.000000 0.000000 -1.000000
0 0.000000 1
1 1 11 1 0 5.000000 0 45.000000 0.500000
1.000000 0.000000 2.000000
FWD: Spline right C45
TRIGGER_ELEMENT 5
-3452.742188 -1.470595 -1831.843018
0.175912 -0.039644 -0.983607	0.006979 0.999214 -0.039025	-0.981056 0.000000 -0.193726
6 1 1.000000 32.254299 0.250000 0.000000 200.000000 -1 -1 -1 -1 116 -1 0 65535 0 0
-3468.563721 -1.470595 -1834.967285	-3436.920654 -1.470595 -1828.718750
1 0.176016 -0.039642 -0.983589	0 0.000000 0.000000 0.000000

CAMERA_ELEMENT 4
-3449.885498 4.495898 -1834.152588
1.000000 0.000000 0.000000	0.000000 1.000000 0.000000	0.000000 0.000000 1.000000
0 0.000000 1
1 0 11 0 0 3.000000 1 45.000000 0.500000
1.000000 0.000000 2.000000
FWD: Spline Right slow C45a
TRIGGER_ELEMENT 5
-3439.322754 -10.709107 -2013.208252
0.276632 -0.004099 -0.960967	0.001134 0.999992 -0.003939	-0.967316 0.000000 -0.253575
6 1 1.000000 32.360100 0.250000 0.000000 200.000000 -1 -1 -1 -1 118 -1 0 65535 0 0
-3454.973877 -10.709107 -2017.311157	-3423.671631 -10.709107 -2009.105347
1 0.276621 -0.004099 -0.960970	0 0.000000 0.000000 0.000000

CAMERA_ELEMENT 4
-3439.966064 8.875058 -2100.428711
-0.078978 0.113883 -0.990350	0.003944 0.993481 0.113929	0.996869 0.005092 -0.078912
0 0.000000 1
1 1 11 1 0 10.000000 0 45.000000 0.300000
0.000000 0.000000 0.000000
FWD: Spline C46
TRIGGER_ELEMENT 5
-3307.090332 7.451963 -2152.543945
0.674461 0.160159 -0.720730	-0.109434 0.987091 0.116941	-0.723092 0.000000 -0.690751
6 1 1.000000 28.327200 0.250000 0.000000 200.000000 -1 -1 -1 -1 120 -1 0 65535 0 0
-3317.332031 7.451963 -2162.327393	-3296.848633 7.451963 -2142.760498
1 0.674528 0.160152 -0.720668	0 0.000000 0.000000 0.000000

CAMERA_ELEMENT 4
-3228.783936 39.090004 -2260.326660
-0.848048 0.000000 0.529919	0.000000 1.000000 0.000000	-0.529919 0.000000 -0.848048
0 0.000000 1
1 1 12 1 0 3.000000 0 45.000000 0.600000
0.000000 0.000000 0.000000
FWD: C47
TRIGGER_ELEMENT 5
-3304.467285 21.528984 -2458.485352
-0.781798 -0.048040 -0.621678	-0.037601 0.998845 -0.029900	-0.633137 0.000000 0.774040
6 1 1.000000 24.195000 0.250000 0.000000 200.000000 -1 -1 -1 -1 122 -1 0 65535 0 0
-3312.126709 21.528984 -2449.121338	-3296.807861 21.528984 -2467.849365
1 -0.781822 -0.048046 -0.621648	0 0.000000 0.000000 0.000000

CAMERA_ELEMENT 4
-3346.838135 33.302929 -2495.773926
0.819153 0.000000 -0.573576	0.000000 1.000000 0.000000	0.573576 0.000000 0.819153
0 0.000000 1
1 1 11 0 0 3.000000 1 27.000000 0.600000
1.000000 0.000000 0.000000
FWD: Spline C48
TRIGGER_ELEMENT 5
-3586.593750 19.367458 -2538.515625
-0.792743 -0.003976 -0.609543	-0.003152 0.999992 -0.002424	-0.591598 0.000000 0.806233
6 1 1.000000 26.089701 0.250000 0.000000 200.000000 -1 -1 -1 -1 124 -1 0 65535 0 0
-3594.311035 19.367458 -2527.998535	-3578.876465 19.367458 -2549.032715
1 -0.792699 -0.003977 -0.609600	0 0.000000 0.000000 0.000000

CAMERA_ELEMENT 4
-3697.478271 35.666138 -2798.185059
0.927020 0.000702 -0.375012	0.038263 0.994602 0.096448	0.373056 -0.103759 0.921990
0 0.000000 0
1 1 12 0 0 3.000000 1 15.000000 0.600000
0.000000 0.000000 0.000000
FWD: Train highlight C49
TRIGGER_ELEMENT 5
-3680.843750 13.527945 -2761.708496
-0.568114 0.072606 -0.819741	0.041357 0.997361 0.059675	-0.827719 0.000000 0.561143
6 1 1.000000 24.343000 0.250000 0.000000 200.000000 -1 -1 -1 -1 126 -1 0 65535 0 0
-3690.918213 13.527945 -2754.878662	-3670.769287 13.527945 -2768.538330
1 -0.568076 0.072601 -0.819768	0 0.000000 0.000000 0.000000

CAMERA_ELEMENT 4
-3690.651855 15.675632 -2757.257080
-0.866102 -0.009082 0.499786	0.035343 0.996220 0.079350	-0.498617 0.086389 -0.862507
0 0.000000 1
1 1 8 0 0 3.000000 0 10.000000 0.600000
0.000000 0.000000 0.000000
FWD: Shotgun Low shot C50
TRIGGER_ELEMENT 5
-3803.274902 41.879383 -2917.696289
-0.298413 0.176094 -0.938051	0.053383 0.984373 0.167808	-0.944490 0.000000 0.328541
6 1 1.000000 21.900999 0.250000 0.000000 200.000000 -1 -1 -1 -1 128 -1 0 65535 0 0
-3813.617432 41.879383 -2914.098633	-3792.932373 41.879383 -2921.293945
1 -0.298364 0.176108 -0.938064	0 0.000000 0.000000 0.000000

CAMERA_ELEMENT 4
-3744.519287 94.657387 -3205.084229
0.850024 -0.025945 0.526106	-0.141587 0.950775 0.275648	-0.507359 -0.308797 0.804509
0 0.000000 1
1 1 12 0 0 3.000000 1 35.000000 0.600000
0.000000 0.000000 0.000000
FWD: Far FOV C51
CAMERA_ELEMENT 4
-3779.913086 61.619499 -3073.775879
1.000000 0.000000 0.000000	0.000000 1.000000 0.000000	0.000000 0.000000 1.000000
0 0.000000 1
1 0 12 1 0 3.000000 0 45.000000 0.600000
0.000000 0.000000 0.000000
FWD: Far LENS C51a
TRIGGER_ELEMENT 5
-3780.540039 58.334702 -3073.739258
0.203695 0.060331 -0.977174	-0.012312 0.998178 0.059062	-0.978967 0.000000 -0.204019
6 1 1.000000 20.882357 0.250000 0.000000 200.000000 -1 -1 -1 -1 129 -1 0 65535 0 0
-3790.761719 58.334702 -3075.869385	-3770.318359 58.334702 -3071.609131
1 0.203593 0.060327 -0.977195	0 0.000000 0.000000 0.000000

TRIGGER_ELEMENT 5
-3727.075195 72.861389 -3233.874268
0.622254 0.173609 -0.763322	-0.109695 0.984815 0.134563	-0.775092 0.000000 -0.631849
6 1 1.000000 37.714802 0.250000 0.000000 200.000000 -1 -1 -1 -1 132 -1 0 65535 0 0
-3741.691406 72.861389 -3245.789307	-3712.458984 72.861389 -3221.959229
1 0.622241 0.173586 -0.763337	0 0.000000 0.000000 0.000000

CAMERA_ELEMENT 4
-3694.371338 97.861519 -3278.709717
-0.785587 -0.000111 -0.618751	0.025427 0.999150 -0.032463	0.618229 -0.041235 -0.784917
0 0.000000 1
1 1 10 1 0 4.000000 0 45.000000 0.600000
0.000000 0.000000 0.000000
FWD: Spline in gutter C52
TRIGGER_ELEMENT 5
-3574.326660 104.097473 -3361.110840
0.947200 0.100246 -0.304570	-0.095433 0.994963 0.030686	-0.315283 0.000000 -0.948998
6 1 1.000000 23.744699 0.250000 0.000000 200.000000 -1 -1 -1 -1 134 -1 0 65535 0 0
-3578.069824 104.097473 -3372.377686	-3570.583496 104.097473 -3349.843994
1 0.947173 0.100233 -0.304658	0 0.000000 0.000000 0.000000

CAMERA_ELEMENT 4
-3553.560303 113.048294 -3366.686523
-0.292330 -0.002434 -0.956314	-0.034005 0.999391 0.007851	0.955713 0.034814 -0.292235
0 0.000000 0
1 1 12 0 0 3.000000 1 62.000000 0.600000
0.000000 0.000000 0.000000
