TRIGGER_ELEMENT 5
-328.783630 82.002533 155.619812
0.020290 -0.109155 0.993818	0.002228 0.994025 0.109132	0.999809 0.000000 -0.019548
2 1 1.000000 19.193090 0.250000 0.000000 200.000000 -1 -1 -1 -1 -1 -1 0 65535 0 0
-319.188904 82.002533 155.432220	-338.378357 82.002533 155.807404
0 0.000000 0.000000 0.000000	0 0.000000 0.000000 0.000000

TRIGGER_ELEMENT 5
-3524.969727 109.167671 -3373.523926
0.970574 0.101461 -0.218382	-0.098987 0.994839 0.022272	-0.219491 0.000000 -0.975614
1 1 1.000000 23.941477 0.250000 0.000000 200.000000 -1 -1 -1 -1 -1 -1 0 65535 0 0
-3527.597168 109.167671 -3385.202637	-3522.342285 109.167671 -3361.845215
0 0.000000 0.000000 0.000000	0 0.000000 0.000000 0.000000

GEOM_ELEMENT 5
-3526.265137 109.041183 -3373.630615
0.973344 0.101448 -0.205693	-0.098983 0.994840 0.022268	0.206891 -0.001314 0.978363
0 1213419078 0 0 -1 1 1 100.000000 100.000000 100.000000
Geometry Element
GEOM_ELEMENT 5
-3527.560791 109.043228 -3379.477295
0.973348 0.101406 -0.205695	-0.098942 0.994844 0.022257	0.206891 -0.001312 0.978363
0 1213419078 0 0 -1 1 1 100.000000 100.000000 100.000000
Geometry Element
