TRIGGER_ELEMENT 5
1028.044189 230.158218 -2463.816895
-0.875597 0.059501 -0.479363	0.052191 0.998228 0.028573	-0.471015 0.000000 0.882125
2 1 1.000000 53.436314 0.250000 0.000000 200.000000 -1 -1 -1 -1 -1 -1 0 65535 0 0
1015.459534 230.158218 -2440.248047	1040.628784 230.158218 -2487.385742
0 0.000000 0.000000 0.000000	0 0.000000 0.000000 0.000000

TRIGGER_ELEMENT 5
-164.232391 53.880791 419.158508
0.936992 -0.165904 -0.307445	0.157635 0.986142 -0.051723	-0.298973 0.000000 -0.954262
1 1 1.000000 25.068178 0.250000 0.000000 200.000000 -1 -1 -1 -1 -1 -1 0 65535 0 0
-167.979752 53.880791 407.197693	-160.485031 53.880791 431.119324
0 0.000000 0.000000 0.000000	0 0.000000 0.000000 0.000000

GEOM_ELEMENT 5
-168.621338 54.323013 411.031036
0.937505 -0.174263 -0.301192	0.168211 0.984671 -0.046127	0.304614 -0.007420 0.952447
0 1213419078 0 0 -1 0 1 100.000000 100.000000 100.000000
Geometry Element
GEOM_ELEMENT 5
-167.200058 54.359962 415.961670
0.944225 -0.167061 -0.283779	0.158444 0.985932 -0.053225	0.288678 0.005293 0.957411
0 1213419078 0 0 -1 0 1 100.000000 100.000000 100.000000
Geometry Element
GEOM_ELEMENT 5
-165.310135 54.372166 421.745972
0.940042 -0.160115 -0.301138	0.151750 0.987095 -0.051129	0.305438 0.002365 0.952209
0 1213419078 0 0 -1 0 1 100.000000 100.000000 100.000000
Geometry Element
