CAMERA_ELEMENT 4
-386.497772 69.126694 360.368500
1.000000 0.000000 0.000000	0.000000 1.000000 0.000000	0.000000 0.000000 1.000000
0 0.000000 1
1 1 12 1 1 5.000000 0 45.000000 0.600000
0.000000 0.000000 0.000000
c1
TRIGGER_ELEMENT 5
-497.665192 65.444275 301.394470
0.891007 0.000000 0.453990	0.000000 1.000000 0.000000	-0.453990 0.000000 0.891007
6 1 1.000000 32.200001 0.250000 0.000000 200.000000 -1 -1 -1 -1 0 -1 0 65535 0 0
-504.974426 65.444275 315.739685	-490.355957 65.444275 287.049255
1 0.891014 0.000000 0.453976	0 0.000000 0.000000 0.000000

CAMERA_ELEMENT 4
-292.175476 65.723648 425.654419
1.000000 0.000000 0.000000	0.000000 1.000000 0.000000	0.000000 0.000000 1.000000
0 0.000000 1
1 1 12 0 0 3.000000 1 10.000000 0.600000
0.000000 0.000000 0.000000
c2
TRIGGER_ELEMENT 5
-356.214142 62.834473 405.280731
0.798635 0.000000 0.601815	0.000000 1.000000 0.000000	-0.601815 0.000000 0.798635
6 1 1.000000 22.799999 0.250000 0.000000 200.000000 -1 -1 -1 -1 2 -1 0 65535 0 0
-363.074829 62.834473 414.385162	-349.353455 62.834473 396.176300
1 0.798643 0.000000 0.601805	0 0.000000 0.000000 0.000000

CAMERA_ELEMENT 4
-119.638557 52.006809 410.614746
1.000000 0.000000 0.000000	0.000000 1.000000 0.000000	0.000000 0.000000 1.000000
0 3.000000 1
1 1 12 1 0 4.000000 0 45.000000 0.600000
0.000000 0.000000 0.000000
c3
TRIGGER_ELEMENT 5
-238.475647 62.861679 433.227020
0.978148 0.000000 -0.207912	0.000000 1.000000 0.000000	0.207912 0.000000 0.978148
6 1 1.000000 21.000000 0.250000 0.000000 200.000000 -1 -1 -1 -1 4 -1 0 65535 0 0
-236.292572 62.861679 443.497559	-240.658722 62.861679 422.956482
1 0.978147 0.000000 -0.207916	0 0.000000 0.000000 0.000000

CAMERA_ELEMENT 4
-55.303486 45.310280 281.369202
1.000000 0.000000 0.000000	0.000000 1.000000 0.000000	0.000000 0.000000 1.000000
0 0.000000 1
1 1 12 0 0 3.000000 1 19.000000 0.600000
0.000000 0.000000 0.000000
c4
TRIGGER_ELEMENT 5
-70.380241 39.630554 325.990784
0.422618 0.000000 -0.906308	0.000000 1.000000 0.000000	0.906308 0.000000 0.422618
6 1 1.000000 26.799999 0.250000 0.000000 200.000000 -1 -1 -1 -1 6 -1 0 65535 0 0
-58.235718 39.630554 331.653870	-82.524765 39.630554 320.327698
1 0.422614 0.000000 -0.906310	0 0.000000 0.000000 0.000000

CAMERA_ELEMENT 4
169.198807 59.462803 332.566376
1.000000 0.000000 0.000000	0.000000 1.000000 0.000000	0.000000 0.000000 1.000000
0 0.000000 1
1 1 12 1 0 3.000000 0 45.000000 0.600000
0.000000 0.000000 0.000000
c5
TRIGGER_ELEMENT 5
56.826172 47.250046 273.238434
0.996194 0.000000 0.087156	0.000000 1.000000 0.000000	-0.087156 0.000000 0.996194
6 1 1.000000 31.000000 0.250000 0.000000 200.000000 -1 -1 -1 -1 8 -1 0 65535 0 0
55.475254 47.250046 288.679443	58.177090 47.250046 257.797424
1 0.996194 0.000000 0.087158	0 0.000000 0.000000 0.000000

CAMERA_ELEMENT 4
428.385834 64.449013 311.923950
0.158516 -0.000276 0.987356	-0.056309 0.998370 0.009319	-0.985749 -0.057075 0.158243
0 0.000000 0
1 1 12 0 0 3.000000 1 40.000000 0.600000
0.000000 0.000000 0.000000
c6
TRIGGER_ELEMENT 5
273.165253 61.417336 329.650513
0.992546 0.000000 -0.121869	0.000000 1.000000 0.000000	0.121869 0.000000 0.992546
6 1 1.000000 21.500000 0.250000 0.000000 200.000000 -1 -1 -1 -1 10 -1 0 65535 0 0
274.475342 61.417336 340.320374	271.855164 61.417336 318.980652
1 0.992548 0.000000 -0.121856	0 0.000000 0.000000 0.000000

CAMERA_ELEMENT 4
545.952942 65.782433 228.992233
1.000000 0.000000 0.000000	0.000000 1.000000 0.000000	0.000000 0.000000 1.000000
1 1.500000 1
1 1 12 1 0 3.000000 0 45.000000 0.600000
0.000000 0.000000 0.000000
c6a
TRIGGER_ELEMENT 5
440.423340 61.769234 304.895996
0.992546 0.000000 -0.121869	0.000000 1.000000 0.000000	0.121869 0.000000 0.992546
6 1 1.000000 25.900000 0.250000 0.000000 200.000000 -1 -1 -1 -1 12 -1 0 65535 0 0
442.001556 61.769234 317.749481	438.845123 61.769234 292.042511
1 0.992548 0.000000 -0.121856	0 0.000000 0.000000 0.000000

CAMERA_ELEMENT 4
428.448303 51.886772 -17.753849
1.000000 0.000000 0.000000	0.000000 1.000000 0.000000	0.000000 0.000000 1.000000
1 3.000000 1
1 1 12 1 0 3.000000 0 20.000000 0.600000
0.000000 0.000000 0.000000
c7
TRIGGER_ELEMENT 5
428.453430 57.085400 60.725227
0.224951 0.000000 -0.974370	0.000000 1.000000 0.000000	0.974370 0.000000 0.224951
6 1 1.000000 28.000000 0.250000 0.000000 200.000000 -1 -1 -1 -1 14 -1 0 65535 0 0
442.094604 57.085400 63.874542	414.812256 57.085400 57.575912
1 0.224946 0.000000 -0.974371	0 0.000000 0.000000 0.000000

TRIGGER_ELEMENT 5
501.558960 63.078903 87.264854
-0.615661 0.000000 -0.788011	0.000000 1.000000 0.000000	0.788011 0.000000 -0.615661
6 1 1.000000 23.700001 0.250000 0.000000 200.000000 -1 -1 -1 -1 14 -1 0 65535 0 0
510.896881 63.078903 79.969269	492.221039 63.078903 94.560440
1 -0.615662 0.000000 -0.788010	0 0.000000 0.000000 0.000000

CAMERA_ELEMENT 4
498.588257 37.063057 -272.082855
1.000000 0.000000 0.000000	0.000000 1.000000 0.000000	0.000000 0.000000 1.000000
0 0.000000 1
1 1 12 0 0 2.500000 1 37.500000 0.600000
0.000000 0.000000 0.000000
c8
TRIGGER_ELEMENT 5
409.979614 33.325211 -131.314072
0.139173 0.000000 -0.990268	0.000000 1.000000 0.000000	0.990268 0.000000 0.139173
6 1 1.000000 27.400002 0.250000 0.000000 200.000000 -1 -1 -1 -1 17 -1 0 65535 0 0
423.546295 33.325211 -129.407394	396.412933 33.325211 -133.220749
1 0.139161 0.000000 -0.990270	0 0.000000 0.000000 0.000000

CAMERA_ELEMENT 4
859.922668 80.534668 -240.481552
0.259084 0.010889 -0.965793	0.063572 0.997576 0.028301	0.963760 -0.068730 0.257764
0 0.000000 1
1 1 12 1 0 5.000000 0 45.000000 0.600000
0.000000 0.000000 0.000000
c9
TRIGGER_ELEMENT 5
712.181152 49.655895 -310.977905
1.000000 0.000000 0.000000	0.000000 1.000000 0.000000	0.000000 0.000000 1.000000
6 1 1.000000 17.500000 0.250000 0.000000 200.000000 -1 -1 -1 -1 19 -1 0 65535 0 0
712.181152 49.655895 -302.227905	712.181152 49.655895 -319.727905
1 1.000000 0.000000 0.000000	0 0.000000 0.000000 0.000000

CAMERA_ELEMENT 4
1194.399902 62.387260 -227.253494
-0.806052 -0.069741 0.587722	-0.099139 0.994913 -0.017908	-0.583483 -0.072700 -0.808865
0 0.000000 0
1 1 12 0 0 3.000000 0 70.000000 0.600000
0.000000 0.000000 0.000000
c10
CAMERA_ELEMENT 4
1262.281494 74.384422 -106.888260
-0.923869 0.056969 0.378445	0.106349 0.988128 0.110874	-0.367636 0.142680 -0.918959
0 0.000000 1
1 1 12 1 0 3.000000 0 45.000000 0.600000
0.000000 0.000000 0.000000
c11
TRIGGER_ELEMENT 5
1208.664673 63.682354 -226.587082
0.601815 0.000000 0.798635	0.000000 1.000000 0.000000	-0.798635 0.000000 0.601815
6 1 1.000000 34.200001 0.250000 0.000000 200.000000 -1 -1 -1 -1 22 -1 0 65535 0 0
1195.008057 63.682354 -216.296051	1222.321289 63.682354 -236.878113
1 0.601812 0.000000 0.798637	0 0.000000 0.000000 0.000000

CAMERA_ELEMENT 4
1372.390015 82.765121 12.119918
1.000000 0.000000 0.000000	0.000000 1.000000 0.000000	0.000000 0.000000 1.000000
0 5.000000 1
1 1 12 1 0 3.000000 0 25.000000 0.600000
0.000000 0.000000 0.000000
c12
TRIGGER_ELEMENT 5
1256.671509 68.345299 -65.953278
0.173648 0.000000 0.984808	0.000000 1.000000 0.000000	-0.984808 0.000000 0.173648
6 1 1.000000 24.000000 0.250000 0.000000 200.000000 -1 -1 -1 -1 24 -1 0 65535 0 0
1244.853760 68.345299 -63.869495	1268.489258 68.345299 -68.037056
1 0.173704 0.000000 0.984798	0 0.000000 0.000000 0.000000

CAMERA_ELEMENT 4
1509.688354 111.161545 -168.425095
-0.262048 0.112655 -0.958457	0.011374 0.993455 0.113658	0.964988 0.018882 -0.261614
1 3.000000 1
1 1 12 0 0 3.000000 1 15.000000 0.600000
0.000000 0.000000 0.000000
c12a
TRIGGER_ELEMENT 5
1427.471558 83.087784 -10.838360
0.798636 0.000000 -0.601815	0.000000 1.000000 0.000000	0.601815 0.000000 0.798636
6 1 1.000000 28.600000 0.250000 0.000000 200.000000 -1 -1 -1 -1 26 -1 0 65535 0 0
1436.077515 83.087784 0.582129	1418.865601 83.087784 -22.258848
1 0.798617 0.000000 -0.601840	0 0.000000 0.000000 0.000000

CAMERA_ELEMENT 4
1914.142700 159.020233 -245.332016
-0.122404 -0.076087 -0.989559	0.147917 0.984523 -0.093997	0.981396 -0.157878 -0.109255
0 0.000000 1
1 1 12 0 0 3.000000 1 20.000000 0.600000
0.000000 0.000000 0.000000
c13
TRIGGER_ELEMENT 5
1692.461060 116.022743 -294.066010
1.000000 0.000000 0.000000	0.000000 1.000000 0.000000	0.000000 0.000000 1.000000
6 1 1.000000 30.700001 0.250000 0.000000 200.000000 -1 -1 -1 -1 28 -1 0 65535 0 0
1692.461060 116.022743 -278.716003	1692.461060 116.022743 -309.416016
1 1.000000 0.000000 0.000000	0 0.000000 0.000000 0.000000

CAMERA_ELEMENT 4
2227.090820 163.073257 -275.334106
1.000000 0.000000 0.000000	0.000000 1.000000 0.000000	0.000000 0.000000 1.000000
0 0.000000 1
1 1 12 0 0 3.000000 1 35.000000 0.600000
0.000000 0.000000 0.000000
c14
TRIGGER_ELEMENT 5
2096.467285 141.198212 -255.862396
0.920505 0.000000 -0.390731	0.000000 1.000000 0.000000	0.390731 0.000000 0.920505
6 1 1.000000 26.899998 0.250000 0.000000 200.000000 -1 -1 -1 -1 30 -1 0 65535 0 0
2101.722656 141.198212 -243.481598	2091.211914 141.198212 -268.243195
1 0.920496 0.000000 -0.390753	0 0.000000 0.000000 0.000000

CAMERA_ELEMENT 4
2299.764648 187.217575 -468.647064
1.000000 0.000000 0.000000	0.000000 1.000000 0.000000	0.000000 0.000000 1.000000
0 0.000000 1
1 1 8 0 0 3.000000 0 45.000000 0.600000
0.000000 0.000000 0.000000
c15
TRIGGER_ELEMENT 5
2316.842285 177.602737 -417.050232
-0.034899 0.000000 -0.999391	0.000000 1.000000 0.000000	0.999391 0.000000 -0.034899
6 1 1.000000 85.299995 0.250000 0.000000 200.000000 -1 -1 -1 -1 32 -1 0 65535 0 0
2359.466309 177.602737 -418.538666	2274.218262 177.602737 -415.561798
1 -0.034912 0.000000 -0.999390	0 0.000000 0.000000 0.000000

CAMERA_ELEMENT 4
2272.713623 204.437637 -860.860046
1.000000 0.000000 0.000000	0.000000 1.000000 0.000000	0.000000 0.000000 1.000000
0 0.000000 1
1 1 12 1 0 3.000000 0 45.000000 0.600000
0.000000 0.000000 0.000000
c16
TRIGGER_ELEMENT 5
2271.796875 192.769577 -665.117737
-0.069756 0.000000 -0.997564	0.000000 1.000000 0.000000	0.997564 0.000000 -0.069756
6 1 1.000000 52.500000 0.250000 0.000000 200.000000 -1 -1 -1 -1 34 -1 0 65535 0 0
2297.982910 192.769577 -666.948853	2245.610840 192.769577 -663.286621
1 -0.069824 0.000000 -0.997559	0 0.000000 0.000000 0.000000

CAMERA_ELEMENT 4
2470.979248 212.260117 -1007.708374
1.000000 0.000000 0.000000	0.000000 1.000000 0.000000	0.000000 0.000000 1.000000
0 0.000000 1
1 1 12 1 0 3.000000 0 45.000000 0.600000
0.000000 0.000000 0.000000
c17
TRIGGER_ELEMENT 5
2353.694336 205.059540 -904.212463
0.891007 0.000000 -0.453990	0.000000 1.000000 0.000000	0.453990 0.000000 0.891007
6 1 1.000000 36.200001 0.250000 0.000000 200.000000 -1 -1 -1 -1 36 -1 0 65535 0 0
2361.911621 205.059540 -888.085266	2345.477051 205.059540 -920.339661
1 0.891033 0.000000 -0.453939	0 0.000000 0.000000 0.000000

CAMERA_ELEMENT 4
2689.143799 221.468719 -1104.715088
-0.941812 -0.178748 0.284675	-0.233531 0.957077 -0.171659	-0.241772 -0.228150 -0.943130
1 10.000000 1
1 1 12 0 0 3.000000 1 30.000000 0.600000
0.000000 0.000000 0.000000
c18
TRIGGER_ELEMENT 5
2538.090820 212.517456 -999.320557
1.000000 0.000000 0.000000	0.000000 1.000000 0.000000	0.000000 0.000000 1.000000
6 1 1.000000 36.900002 0.250000 0.000000 200.000000 -1 -1 -1 -1 38 -1 0 65535 0 0
2538.090820 212.517456 -980.870544	2538.090820 212.517456 -1017.770569
1 1.000000 0.000000 0.000000	0 0.000000 0.000000 0.000000

CAMERA_ELEMENT 4
2569.666260 225.115448 -1467.564331
1.000000 0.000000 0.000000	0.000000 1.000000 0.000000	0.000000 0.000000 1.000000
0 0.000000 1
1 1 12 1 0 7.000000 0 45.000000 0.600000
0.000000 0.000000 0.000000
c19
TRIGGER_ELEMENT 5
2610.123535 218.379379 -1322.674316
-0.754710 0.000000 -0.656059	0.000000 1.000000 0.000000	0.656059 0.000000 -0.754710
6 1 1.000000 64.699997 0.250000 0.000000 200.000000 -1 -1 -1 -1 40 -1 0 0 0 0
2631.346924 218.379379 -1347.089233	2588.900146 218.379379 -1298.259399
1 -0.754705 0.000000 -0.656064	0 0.000000 0.000000 0.000000
Replay Camera Trigger
CAMERA_ELEMENT 4
2325.407715 235.625839 -1523.402710
1.000000 0.000000 0.000000	0.000000 1.000000 0.000000	0.000000 0.000000 1.000000
1 3.000000 1
1 1 12 1 0 2.500000 0 45.000000 0.600000
0.000000 0.000000 0.000000
c20
TRIGGER_ELEMENT 5
2467.846191 220.370758 -1492.838257
-0.990268 0.000000 -0.139173	0.000000 1.000000 0.000000	0.139173 0.000000 -0.990268
6 1 1.000000 44.500000 0.250000 0.000000 200.000000 -1 -1 -1 -1 42 -1 0 65535 0 0
2470.942871 220.370758 -1514.871704	2464.749512 220.370758 -1470.804810
1 -0.990269 0.000000 -0.139165	0 0.000000 0.000000 0.000000

CAMERA_ELEMENT 4
2225.045166 238.723145 -1711.677612
0.846926 0.014599 -0.531510	-0.188623 0.942859 -0.274661	0.497129 0.332873 0.801285
0 0.000000 1
1 1 12 1 0 3.000000 0 45.000000 0.600000
0.000000 0.000000 0.000000
c21
TRIGGER_ELEMENT 5
2266.462158 244.127991 -1617.584839
-0.453990 0.000000 -0.891007	0.000000 1.000000 0.000000	0.891007 0.000000 -0.453990
6 1 1.000000 30.500000 0.250000 0.000000 200.000000 -1 -1 -1 -1 44 -1 0 65535 0 0
2280.050049 244.127991 -1624.508179	2252.874268 244.127991 -1610.661499
1 -0.454085 0.000000 -0.890958	0 0.000000 0.000000 0.000000

CAMERA_ELEMENT 4
2317.817139 259.540619 -1909.307495
1.000000 0.000000 0.000000	0.000000 1.000000 0.000000	0.000000 0.000000 1.000000
0 0.000000 1
1 1 12 0 0 3.000000 1 10.000000 0.600000
0.000000 0.000000 0.000000
c22
TRIGGER_ELEMENT 5
2274.166260 243.357498 -1818.458984
0.615662 0.000000 -0.788011	0.000000 1.000000 0.000000	0.788011 0.000000 0.615662
6 1 1.000000 30.000000 0.250000 0.000000 200.000000 -1 -1 -1 -1 46 -1 0 65535 0 0
2285.986328 243.357498 -1809.224121	2262.346191 243.357498 -1827.693848
1 0.615722 0.000000 -0.787963	0 0.000000 0.000000 0.000000

CAMERA_ELEMENT 4
2270.129639 239.556320 -2111.921631
1.000000 0.000000 0.000000	0.000000 1.000000 0.000000	0.000000 0.000000 1.000000
0 0.000000 1
1 1 12 1 0 3.000000 0 20.000000 0.600000
0.000000 0.000000 0.000000
c23
CAMERA_ELEMENT 4
2226.242920 234.352280 -2508.236084
1.000000 0.000000 0.000000	0.000000 1.000000 0.000000	0.000000 0.000000 1.000000
0 0.000000 1
1 1 12 0 0 3.000000 1 10.000000 0.600000
0.000000 0.000000 0.000000
c24
TRIGGER_ELEMENT 5
2277.044678 249.964752 -2392.009033
-0.484810 0.000000 -0.874620	0.000000 1.000000 0.000000	0.874620 0.000000 -0.484810
6 1 1.000000 26.700001 0.250000 0.000000 200.000000 -1 -1 -1 -1 49 -1 0 65535 0 0
2288.720947 249.964752 -2398.481201	2265.368408 249.964752 -2385.536865
1 -0.484896 0.000000 -0.874572	0 0.000000 0.000000 0.000000

CAMERA_ELEMENT 4
2325.428223 252.742599 -2208.199219
1.000000 0.000000 0.000000	0.000000 1.000000 0.000000	0.000000 0.000000 1.000000
0 0.000000 1
1 1 11 0 0 3.000000 0 45.000000 0.900000
0.000000 0.000000 0.200000
c25
TRIGGER_ELEMENT 5
2313.590088 249.225281 -2191.259766
0.258819 0.000000 -0.965926	0.000000 1.000000 0.000000	0.965926 0.000000 0.258819
6 1 1.000000 34.799999 0.250000 0.000000 200.000000 -1 -1 -1 -1 51 -1 0 65535 0 0
2330.397217 249.225281 -2186.756348	2296.782959 249.225281 -2195.763184
1 0.258817 0.000000 -0.965926	0 0.000000 0.000000 0.000000

TRIGGER_ELEMENT 5
1010.968567 60.041443 -228.573715
0.965926 0.000000 -0.258819	0.000000 1.000000 0.000000	0.258819 0.000000 0.965926
6 1 1.000000 24.500000 0.250000 0.000000 200.000000 -1 -1 -1 -1 21 -1 0 65535 0 0
1014.139099 60.041443 -216.741119	1007.798035 60.041443 -240.406311
1 0.965927 0.000000 -0.258815	0 0.000000 0.000000 0.000000

TRIGGER_ELEMENT 5
2311.889160 254.276321 -1915.062256
0.000000 0.000000 -1.000000	0.000000 1.000000 0.000000	1.000000 0.000000 0.000000
6 1 1.000000 21.799999 0.250000 0.000000 200.000000 -1 -1 -1 -1 48 -1 0 65535 0 0
2322.789063 254.276321 -1915.062256	2300.989258 254.276321 -1915.062256
1 0.000000 0.000000 -1.000000	0 0.000000 0.000000 0.000000

CAMERA_ELEMENT 4
2129.491699 219.956573 -2633.282227
1.000000 0.000000 0.000000	0.000000 1.000000 0.000000	0.000000 0.000000 1.000000
0 0.000000 1
1 1 8 1 0 2.000000 0 45.000000 0.980000
0.000000 0.000000 0.000000
c26
TRIGGER_ELEMENT 5
2148.495361 217.584610 -2612.034668
-0.819152 0.000000 -0.573577	0.000000 1.000000 0.000000	0.573577 0.000000 -0.819152
6 1 1.000000 25.299999 0.250000 0.000000 200.000000 -1 -1 -1 -1 55 -1 0 0 0 0
2155.751221 217.584610 -2622.396973	2141.239502 217.584610 -2601.672363
1 -0.819175 0.000000 -0.573544	0 0.000000 0.000000 0.000000
Replay Camera Trigger
CAMERA_ELEMENT 4
1814.524048 250.071091 -2780.338623
0.147320 0.938026 0.313695	-0.583403 -0.173701 0.793391	0.798710 -0.299893 0.521657
0 0.000000 1
1 1 12 1 0 3.000000 0 15.000000 0.600000
0.000000 0.000000 0.000000
c27
TRIGGER_ELEMENT 5
1992.438232 211.509369 -2664.910400
-0.939692 0.000000 -0.342020	0.000000 1.000000 0.000000	0.342020 0.000000 -0.939692
6 1 1.000000 39.700005 0.250000 0.000000 200.000000 -1 -1 -1 -1 57 -1 0 65535 0 0
1999.227295 211.509369 -2683.563232	1985.649170 211.509369 -2646.257568
1 -0.939687 0.000000 -0.342037	0 0.000000 0.000000 0.000000

CAMERA_ELEMENT 4
1506.557983 219.213547 -2932.960693
1.000000 0.000000 0.000000	0.000000 1.000000 0.000000	0.000000 0.000000 1.000000
0 0.000000 1
1 1 12 0 0 3.000000 1 35.000000 0.600000
0.000000 0.000000 0.000000
c28
TRIGGER_ELEMENT 5
1676.175049 231.810486 -2929.262207
-0.766044 0.000000 -0.642788	0.000000 1.000000 0.000000	0.642788 0.000000 -0.766044
6 1 1.000000 36.500000 0.250000 0.000000 200.000000 -1 -1 -1 -1 59 -1 0 65535 0 0
1687.905884 231.810486 -2943.242432	1664.444214 231.810486 -2915.281982
1 -0.766005 0.000000 -0.642834	0 0.000000 0.000000 0.000000

CAMERA_ELEMENT 4
1379.177490 191.004333 -2570.958740
1.000000 0.000000 0.000000	0.000000 1.000000 0.000000	0.000000 0.000000 1.000000
0 0.000000 1
1 1 12 0 0 3.000000 1 10.000000 0.600000
0.000000 0.000000 0.000000
c29
TRIGGER_ELEMENT 5
1476.441162 190.492798 -2712.538086
-0.034899 0.000000 0.999391	0.000000 1.000000 0.000000	-0.999391 0.000000 -0.034899
6 1 1.000000 30.699999 0.250000 0.000000 200.000000 -1 -1 -1 -1 61 -1 0 65535 0 0
1461.100464 190.492798 -2713.073730	1491.781860 190.492798 -2712.002441
1 -0.034908 0.000000 0.999391	0 0.000000 0.000000 0.000000

CAMERA_ELEMENT 4
1140.316284 223.532272 -2453.787354
1.000000 0.000000 0.000000	0.000000 1.000000 0.000000	0.000000 0.000000 1.000000
0 0.000000 1
1 1 12 1 2 3.000000 0 45.000000 0.600000
0.000000 0.000000 0.000000
c30
TRIGGER_ELEMENT 5
1288.155029 196.825256 -2565.898682
-0.996195 0.000000 0.087156	0.000000 1.000000 0.000000	-0.087156 0.000000 -0.996195
6 1 1.000000 24.500000 0.250000 0.000000 200.000000 -1 -1 -1 -1 63 -1 0 65535 0 0
1287.087402 196.825256 -2578.102051	1289.222656 196.825256 -2553.695313
1 -0.996195 0.000000 0.087156	0 0.000000 0.000000 0.000000

CAMERA_ELEMENT 4
867.471375 248.966843 -2582.552002
0.576848 0.046066 -0.815552	0.208110 0.957174 0.201264	0.789897 -0.285823 0.542557
0 0.000000 1
1 1 12 1 0 5.000000 0 45.000000 0.600000
0.000000 0.000000 0.000000
c31
TRIGGER_ELEMENT 5
1007.916565 231.896378 -2492.199219
-0.857167 0.000000 -0.515038	0.000000 1.000000 0.000000	0.515038 0.000000 -0.857167
6 1 1.000000 25.200001 0.250000 0.000000 200.000000 -1 -1 -1 -1 65 -1 0 65535 0 0
1014.406067 231.896378 -2502.999512	1001.427063 231.896378 -2481.398926
1 -0.857127 0.000000 -0.515106	0 0.000000 0.000000 0.000000

TRIGGER_ELEMENT 5
-354.158051 62.840244 407.495575
0.788011 0.000000 0.615661	0.000000 1.000000 0.000000	-0.615661 0.000000 0.788011
6 1 1.000000 31.200001 0.250000 0.000000 200.000000 -1 -1 -1 -1 0 -1 0 65535 0 0
-363.762360 62.840244 419.788544	-344.553741 62.840244 395.202606
2 -0.788016 0.000000 -0.615655	0 0.000000 0.000000 0.000000

TRIGGER_ELEMENT 5
-234.103333 62.715515 432.960419
0.978148 0.000000 -0.207912	0.000000 1.000000 0.000000	0.207912 0.000000 0.978148
6 1 1.000000 27.600002 0.250000 0.000000 200.000000 -1 -1 -1 -1 2 -1 0 65535 0 0
-231.234146 62.715515 446.458862	-236.972519 62.715515 419.461975
2 -0.978147 0.000000 0.207916	0 0.000000 0.000000 0.000000

TRIGGER_ELEMENT 5
-53.960114 40.373360 294.881592
0.615662 0.000000 -0.788011	0.000000 1.000000 0.000000	0.788011 0.000000 0.615662
6 1 1.000000 33.200001 0.250000 0.000000 200.000000 -1 -1 -1 -1 4 -1 0 65535 0 0
-40.879135 40.373360 305.101563	-67.041092 40.373360 284.661621
2 -0.615655 0.000000 0.788016	0 0.000000 0.000000 0.000000

TRIGGER_ELEMENT 5
-4.394565 49.431519 194.743393
0.777146 0.000000 -0.629320	0.000000 1.000000 0.000000	0.629320 0.000000 0.777146
6 1 1.000000 32.400002 0.250000 0.000000 200.000000 -1 -1 -1 -1 6 -1 0 65535 0 0
5.800426 49.431519 207.333160	-14.589556 49.431519 182.153625
2 -0.777147 0.000000 0.629319	0 0.000000 0.000000 0.000000

TRIGGER_ELEMENT 5
58.075081 47.317062 270.988464
0.978148 0.000000 0.207912	0.000000 1.000000 0.000000	-0.207912 0.000000 0.978148
6 1 1.000000 33.100002 0.250000 0.000000 200.000000 -1 -1 -1 -1 6 -1 0 65535 0 0
54.634144 47.317062 287.176819	61.516018 47.317062 254.800125
2 -0.978147 0.000000 -0.207916	0 0.000000 0.000000 0.000000

TRIGGER_ELEMENT 5
325.717499 60.952286 316.469452
0.939693 0.000000 -0.342020	0.000000 1.000000 0.000000	0.342020 0.000000 0.939693
6 1 1.000000 25.099998 0.250000 0.000000 200.000000 -1 -1 -1 -1 8 -1 0 65535 0 0
330.009857 60.952286 328.262604	321.425140 60.952286 304.676300
2 -0.939696 0.000000 0.342010	0 0.000000 0.000000 0.000000

CAMERA_ELEMENT 4
473.716309 67.652916 307.241272
-0.824193 0.204157 -0.528229	0.213127 0.976003 0.044677	0.524674 -0.075757 -0.847925
0 0.000000 1
1 1 12 0 0 3.000000 1 30.000000 0.600000
0.000000 0.000000 0.000000
c32
TRIGGER_ELEMENT 5
545.685303 63.018414 192.342575
0.121870 0.000000 -0.992546	0.000000 1.000000 0.000000	0.992546 0.000000 0.121870
6 1 1.000000 31.200001 0.250000 0.000000 200.000000 -1 -1 -1 -1 73 -1 0 0 0 0
561.169006 63.018414 194.243744	530.201599 63.018414 190.441406
2 -0.121888 0.000000 0.992544	0 0.000000 0.000000 0.000000
Replay Camera Trigger
CAMERA_ELEMENT 4
547.841309 74.127045 150.383606
1.000000 0.000000 0.000000	0.000000 1.000000 0.000000	0.000000 0.000000 1.000000
0 0.000000 1
1 1 12 1 0 3.000000 0 45.000000 0.600000
0.000000 0.000000 0.000000
c33
TRIGGER_ELEMENT 5
453.644806 55.998672 27.975574
-0.601815 0.000000 -0.798636	0.000000 1.000000 0.000000	0.798636 0.000000 -0.601815
6 1 1.000000 26.399998 0.250000 0.000000 200.000000 -1 -1 -1 -1 75 -1 0 65535 0 0
464.186798 55.998672 20.031620	443.102814 55.998672 35.919529
2 0.601810 0.000000 0.798640	0 0.000000 0.000000 0.000000

TRIGGER_ELEMENT 5
408.220215 35.352272 -108.922684
0.000000 0.000000 -1.000000	0.000000 1.000000 0.000000	1.000000 0.000000 0.000000
6 1 1.000000 32.100002 0.250000 0.000000 200.000000 -1 -1 -1 -1 14 -1 0 65535 0 0
424.270203 35.352272 -108.922684	392.170227 35.352272 -108.922684
2 0.000000 0.000000 1.000000	0 0.000000 0.000000 0.000000

TRIGGER_ELEMENT 5
734.153259 53.337391 -309.579498
1.000000 0.000000 0.000000	0.000000 1.000000 0.000000	0.000000 0.000000 1.000000
6 1 1.000000 36.700001 0.250000 0.000000 200.000000 -1 -1 -1 -1 17 -1 0 65535 0 0
734.153259 53.337391 -291.229492	734.153259 53.337391 -327.929504
2 -1.000000 0.000000 0.000000	0 0.000000 0.000000 0.000000

TRIGGER_ELEMENT 5
1035.685303 60.477657 -241.502762
0.866025 0.000000 -0.500000	0.000000 1.000000 0.000000	0.500000 0.000000 0.866025
6 1 1.000000 35.900002 0.250000 0.000000 200.000000 -1 -1 -1 -1 19 -1 0 65535 0 0
1044.660278 60.477657 -225.957611	1026.710327 60.477657 -257.047913
2 -0.866011 0.000000 0.500025	0 0.000000 0.000000 0.000000

CAMERA_ELEMENT 4
1171.759888 66.814316 -268.953979
0.187197 -0.007452 0.982294	-0.029665 0.999473 0.013236	-0.981875 -0.031618 0.186876
0 0.000000 1
1 1 12 0 0 3.000000 1 28.000000 0.600000
0.000000 0.000000 0.000000
c34
TRIGGER_ELEMENT 5
1247.911255 69.088173 -139.168137
0.573577 0.000000 0.819152	0.000000 1.000000 0.000000	-0.819152 0.000000 0.573577
6 1 1.000000 26.000000 0.250000 0.000000 200.000000 -1 -1 -1 -1 80 -1 0 0 0 0
1237.262329 69.088173 -131.711639	1258.560181 69.088173 -146.624634
2 -0.573598 0.000000 -0.819137	0 0.000000 0.000000 0.000000
Replay Camera Trigger
TRIGGER_ELEMENT 5
1277.737183 70.341400 -33.978130
0.731354 0.000000 0.681998	0.000000 1.000000 0.000000	-0.681998 0.000000 0.731354
6 1 1.000000 19.700001 0.250000 0.000000 200.000000 -1 -1 -1 -1 22 -1 0 65535 0 0
1271.019531 70.341400 -26.774296	1284.454834 70.341400 -41.181965
2 -0.731339 0.000000 -0.682014	0 0.000000 0.000000 0.000000

TRIGGER_ELEMENT 5
1485.294678 98.733528 -111.927193
0.453991 0.000000 -0.891006	0.000000 1.000000 0.000000	0.891006 0.000000 0.453991
6 1 1.000000 26.400002 0.250000 0.000000 200.000000 -1 -1 -1 -1 24 -1 0 65535 0 0
1497.055908 98.733528 -105.934517	1473.533447 98.733528 -117.919868
2 -0.453982 0.000000 0.891011	0 0.000000 0.000000 0.000000

TRIGGER_ELEMENT 5
1631.666748 106.998146 -278.359314
0.798635 0.000000 -0.601815	0.000000 1.000000 0.000000	0.601815 0.000000 0.798635
6 1 1.000000 34.100002 0.250000 0.000000 200.000000 -1 -1 -1 -1 26 -1 0 65535 0 0
1641.927734 106.998146 -264.742584	1621.405762 106.998146 -291.976044
2 -0.798621 0.000000 0.601834	0 0.000000 0.000000 0.000000

CAMERA_ELEMENT 4
1708.432861 122.431122 -296.682068
1.000000 0.000000 0.000000	0.000000 1.000000 0.000000	0.000000 0.000000 1.000000
0 0.000000 1
1 1 12 1 0 2.500000 0 45.000000 0.600000
0.000000 0.000000 0.000000
c35
TRIGGER_ELEMENT 5
1787.784668 128.794571 -257.601624
1.000000 0.000000 0.000000	0.000000 1.000000 0.000000	0.000000 0.000000 1.000000
6 1 1.000000 22.200001 0.250000 0.000000 200.000000 -1 -1 -1 -1 85 -1 0 65535 0 0
1787.784668 128.794571 -246.501617	1787.784668 128.794571 -268.701630
2 -1.000000 0.000000 0.000000	0 0.000000 0.000000 0.000000

TRIGGER_ELEMENT 5
2080.392578 140.355698 -249.415604
0.788011 0.000000 -0.615661	0.000000 1.000000 0.000000	0.615661 0.000000 0.788011
6 1 1.000000 33.300003 0.250000 0.000000 200.000000 -1 -1 -1 -1 28 -1 0 65535 0 0
2090.643311 140.355698 -236.295227	2070.141846 140.355698 -262.535980
2 -0.788039 0.000000 0.615625	0 0.000000 0.000000 0.000000

TRIGGER_ELEMENT 5
2315.487549 177.493118 -413.565948
0.000000 0.000000 -1.000000	0.000000 1.000000 0.000000	1.000000 0.000000 0.000000
6 1 1.000000 86.300003 0.250000 0.000000 200.000000 -1 -1 -1 -1 30 -1 0 65535 0 0
2358.637451 177.493118 -413.565948	2272.337646 177.493118 -413.565948
2 0.000000 0.000000 1.000000	0 0.000000 0.000000 0.000000

CAMERA_ELEMENT 4
2309.847900 183.649124 -504.981201
-0.965882 0.006024 0.258914	0.005600 0.999982 -0.002377	-0.258923 -0.000846 -0.965898
0 0.000000 0
1 1 12 0 0 3.000000 1 45.000000 0.600000
0.000000 0.000000 0.000000
c36
TRIGGER_ELEMENT 5
2286.395020 192.802780 -667.608215
-0.087156 0.000000 -0.996195	0.000000 1.000000 0.000000	0.996195 0.000000 -0.087156
6 1 1.000000 15.099999 0.250000 0.000000 200.000000 -1 -1 -1 -1 89 -1 0 65535 0 0
2293.916260 192.802780 -668.266235	2278.873779 192.802780 -666.950195
2 0.087156 0.000000 0.996195	0 0.000000 0.000000 0.000000

TRIGGER_ELEMENT 5
2304.839111 182.574127 -498.238983
-0.087156 0.000000 -0.996195	0.000000 1.000000 0.000000	0.996195 0.000000 -0.087156
6 1 1.000000 27.500000 0.250000 0.000000 200.000000 -1 -1 -1 -1 34 -1 0 65535 0 0
2318.536865 182.574127 -499.437378	2291.141357 182.574127 -497.040588
2 0.087159 0.000000 0.996194	0 0.000000 0.000000 0.000000

CAMERA_ELEMENT 4
2278.714355 181.298477 -448.415985
1.000000 0.000000 0.000000	0.000000 1.000000 0.000000	0.000000 0.000000 1.000000
0 0.000000 1
1 1 12 1 0 4.000000 0 45.000000 0.600000
0.000000 0.000000 0.000000
c37
TRIGGER_ELEMENT 5
2261.376709 192.886734 -665.997437
-0.052336 0.000000 -0.998630	0.000000 1.000000 0.000000	0.998630 0.000000 -0.052336
6 1 1.000000 37.400005 0.250000 0.000000 200.000000 -1 -1 -1 -1 92 -1 0 65535 0 0
2280.051025 192.886734 -666.976135	2242.702393 192.886734 -665.018738
2 0.052245 0.000000 0.998634	0 0.000000 0.000000 0.000000

TRIGGER_ELEMENT 5
2350.525391 204.961411 -902.447937
0.906308 0.000000 -0.422618	0.000000 1.000000 0.000000	0.422618 0.000000 0.906308
6 1 1.000000 39.400002 0.250000 0.000000 200.000000 -1 -1 -1 -1 34 -1 0 65535 0 0
2358.851074 204.961411 -884.593689	2342.199707 204.961411 -920.302185
2 -0.906302 0.000000 0.422632	0 0.000000 0.000000 0.000000

TRIGGER_ELEMENT 5
2581.737549 215.461899 -1011.150452
0.920505 0.000000 -0.390731	0.000000 1.000000 0.000000	0.390731 0.000000 0.920505
6 1 1.000000 39.400002 0.250000 0.000000 200.000000 -1 -1 -1 -1 36 -1 0 65535 0 0
2589.435059 215.461899 -993.016479	2574.040039 215.461899 -1029.284424
2 -0.920485 0.000000 0.390779	0 0.000000 0.000000 0.000000

TRIGGER_ELEMENT 5
2611.584473 218.406311 -1321.398560
-0.743145 0.000000 -0.669131	0.000000 1.000000 0.000000	0.669131 0.000000 -0.743145
6 1 1.000000 67.100006 0.250000 0.000000 200.000000 -1 -1 -1 -1 38 -1 0 65535 0 0
2634.033691 218.406311 -1346.331055	2589.135254 218.406311 -1296.466064
2 0.743124 0.000000 0.669154	0 0.000000 0.000000 0.000000

TRIGGER_ELEMENT 5
2365.958252 226.564331 -1513.296021
-0.945518 0.000000 -0.325568	0.000000 1.000000 0.000000	0.325568 0.000000 -0.945518
6 1 1.000000 40.799999 0.250000 0.000000 200.000000 -1 -1 -1 -1 40 -1 0 65535 0 0
2372.599854 226.564331 -1532.584595	2359.316650 226.564331 -1494.007446
2 0.945525 0.000000 0.325550	0 0.000000 0.000000 0.000000

TRIGGER_ELEMENT 5
2264.029785 244.015152 -1626.713135
-0.422618 0.000000 -0.906308	0.000000 1.000000 0.000000	0.906308 0.000000 -0.422618
6 1 1.000000 28.199999 0.250000 0.000000 200.000000 -1 -1 -1 -1 42 -1 0 65535 0 0
2276.808838 244.015152 -1632.671997	2251.250732 244.015152 -1620.754272
2 0.422632 0.000000 0.906302	0 0.000000 0.000000 0.000000

TRIGGER_ELEMENT 5
2293.186523 249.549271 -1845.610352
0.601815 0.000000 -0.798635	0.000000 1.000000 0.000000	0.798635 0.000000 0.601815
6 1 1.000000 25.500000 0.250000 0.000000 200.000000 -1 -1 -1 -1 44 -1 0 65535 0 0
2303.369141 249.549271 -1837.937256	2283.003906 249.549271 -1853.283447
2 -0.601834 0.000000 0.798621	0 0.000000 0.000000 0.000000

TRIGGER_ELEMENT 5
2282.087158 242.167191 -2040.135986
-0.342020 0.000000 -0.939693	0.000000 1.000000 0.000000	0.939693 0.000000 -0.342020
6 1 1.000000 32.799999 0.250000 0.000000 200.000000 -1 -1 -1 -1 46 -1 0 65535 0 0
2297.498047 242.167191 -2045.745117	2266.676270 242.167191 -2034.526855
2 0.342037 0.000000 0.939687	0 0.000000 0.000000 0.000000

TRIGGER_ELEMENT 5
2316.510742 250.380524 -2201.448730
0.139173 0.000000 -0.990268	0.000000 1.000000 0.000000	0.990268 0.000000 0.139173
6 1 1.000000 29.900002 0.250000 0.000000 200.000000 -1 -1 -1 -1 48 -1 0 65535 0 0
2331.315186 250.380524 -2199.368164	2301.706299 250.380524 -2203.529297
2 -0.139165 0.000000 0.990269	0 0.000000 0.000000 0.000000

CAMERA_ELEMENT 4
2313.031982 267.591675 -2323.002441
1.000000 0.000000 0.000000	0.000000 1.000000 0.000000	0.000000 0.000000 1.000000
0 0.000000 1
1 1 12 1 0 3.000000 0 45.000000 0.600000
0.000000 0.000000 0.000000
c38
TRIGGER_ELEMENT 5
2159.375488 218.965927 -2600.462158
-0.707107 0.000000 -0.707107	0.000000 1.000000 0.000000	0.707107 0.000000 -0.707107
6 1 1.000000 29.700001 0.250000 0.000000 200.000000 -1 -1 -1 -1 102 -1 0 65535 0 0
2169.875977 218.965927 -2610.962646	2148.875000 218.965927 -2589.961670
2 0.707107 0.000000 0.707107	0 0.000000 0.000000 0.000000

CAMERA_ELEMENT 4
2151.698730 220.201324 -2619.886963
-0.086806 0.051541 0.994891	0.013546 0.998630 -0.050553	-0.996133 0.009088 -0.087385
0 0.000000 0
1 1 12 0 0 3.000000 0 45.000000 0.600000
0.000000 0.000000 0.000000
c39
TRIGGER_ELEMENT 5
1975.476318 210.942505 -2670.922607
-0.927184 0.000000 -0.374607	0.000000 1.000000 0.000000	0.374607 0.000000 -0.927184
6 1 1.000000 39.000000 0.250000 0.000000 200.000000 -1 -1 -1 -1 104 -1 0 65535 0 0
1982.781128 210.942505 -2689.002686	1968.171509 210.942505 -2652.842529
2 0.927208 0.000000 0.374546	0 0.000000 0.000000 0.000000

TRIGGER_ELEMENT 5
1662.296875 230.552109 -2940.028564
-0.798635 0.000000 -0.601815	0.000000 1.000000 0.000000	0.601815 0.000000 -0.798635
6 1 1.000000 26.300001 0.250000 0.000000 200.000000 -1 -1 -1 -1 57 -1 0 65535 0 0
1670.210693 230.552109 -2950.530518	1654.383057 230.552109 -2929.526611
2 0.798621 0.000000 0.601834	0 0.000000 0.000000 0.000000

TRIGGER_ELEMENT 5
1469.324585 186.318497 -2665.368164
-0.342020 0.000000 0.939693	0.000000 1.000000 0.000000	-0.939693 0.000000 -0.342020
6 1 1.000000 34.400002 0.250000 0.000000 200.000000 -1 -1 -1 -1 59 -1 0 65535 0 0
1453.161865 186.318497 -2671.250977	1485.487305 186.318497 -2659.485352
2 0.342037 0.000000 -0.939687	0 0.000000 0.000000 0.000000

TRIGGER_ELEMENT 5
1273.489624 198.472672 -2566.312988
-0.999391 0.000000 0.034899	0.000000 1.000000 0.000000	-0.034899 0.000000 -0.999391
6 1 1.000000 35.400002 0.250000 0.000000 200.000000 -1 -1 -1 -1 61 -1 0 65535 0 0
1272.871948 198.472672 -2584.002197	1274.107300 198.472672 -2548.623779
2 0.999390 0.000000 -0.034912	0 0.000000 0.000000 0.000000

TRIGGER_ELEMENT 5
1019.615295 231.192627 -2486.232666
-0.819152 0.000000 -0.573577	0.000000 1.000000 0.000000	0.573577 0.000000 -0.819152
6 1 1.000000 30.000000 0.250000 0.000000 200.000000 -1 -1 -1 -1 63 -1 0 65535 0 0
1028.218994 231.192627 -2498.520020	1011.011658 231.192627 -2473.945313
2 0.819195 0.000000 0.573516	0 0.000000 0.000000 0.000000

TRIGGER_ELEMENT 5
908.724670 234.943375 -2560.305176
0.819152 0.000000 0.573576	0.000000 1.000000 0.000000	-0.573576 0.000000 0.819152
6 1 1.000000 32.700001 0.250000 0.000000 200.000000 -1 -1 -1 -1 65 -1 0 65535 0 0
899.346680 234.943375 -2546.912109	918.102661 234.943375 -2573.698242
1 0.819195 0.000000 0.573516	0 0.000000 0.000000 0.000000

CAMERA_ELEMENT 4
7.898060 54.435963 179.348923
1.000000 0.000000 0.000000	0.000000 1.000000 0.000000	0.000000 0.000000 1.000000
0 0.000000 1
1 1 12 1 0 3.000000 0 45.000000 0.600000
0.000000 0.000000 0.000000
c40
TRIGGER_ELEMENT 5
-32.630978 45.115215 239.155426
0.374607 0.000000 -0.927184	0.000000 1.000000 0.000000	0.927184 0.000000 0.374607
6 1 1.000000 28.300001 0.250000 0.000000 200.000000 -1 -1 -1 -1 111 -1 0 65535 0 0
-19.511326 45.115215 244.456116	-45.750629 45.115215 233.854736
1 0.374607 0.000000 -0.927184	0 0.000000 0.000000 0.000000

CAMERA_ELEMENT 4
139.426361 62.704937 194.298615
1.000000 0.000000 0.000000	0.000000 1.000000 0.000000	0.000000 0.000000 1.000000
0 0.000000 1
1 1 12 1 0 5.000000 0 45.000000 0.600000
0.000000 0.000000 0.000000
c41
TRIGGER_ELEMENT 5
47.685280 55.106644 187.298233
0.994522 0.000000 0.104528	0.000000 1.000000 0.000000	-0.104528 0.000000 0.994522
6 1 1.000000 25.900002 0.250000 0.000000 200.000000 -1 -1 -1 -1 113 -1 0 65535 0 0
46.331638 55.106644 200.177292	49.038921 55.106644 174.419174
1 0.994523 0.000000 0.104523	0 0.000000 0.000000 0.000000

CAMERA_ELEMENT 4
360.282379 66.380432 141.846588
1.000000 0.000000 0.000000	0.000000 1.000000 0.000000	0.000000 0.000000 1.000000
0 0.000000 1
1 1 12 1 0 3.000000 0 45.000000 0.600000
0.000000 0.000000 0.000000
c42
TRIGGER_ELEMENT 5
199.516602 65.067802 122.402130
0.788011 0.000000 -0.615661	0.000000 1.000000 0.000000	0.615661 0.000000 0.788011
6 1 1.000000 22.800001 0.250000 0.000000 200.000000 -1 -1 -1 -1 115 -1 0 65535 0 0
206.535141 65.067802 131.385452	192.498062 65.067802 113.418808
1 0.788010 0.000000 -0.615662	0 0.000000 0.000000 0.000000

TRIGGER_ELEMENT 5
426.810364 57.496567 67.703995
0.224951 0.000000 -0.974370	0.000000 1.000000 0.000000	0.974370 0.000000 0.224951
6 1 1.000000 27.600002 0.250000 0.000000 200.000000 -1 -1 -1 -1 115 -1 0 65535 0 0
440.256683 57.496567 70.808319	413.364044 57.496567 64.599670
2 -0.224945 0.000000 0.974371	0 0.000000 0.000000 0.000000

TRIGGER_ELEMENT 5
240.710358 65.177620 111.569702
0.996195 0.000000 0.087156	0.000000 1.000000 0.000000	-0.087156 0.000000 0.996195
6 1 1.000000 19.700001 0.250000 0.000000 200.000000 -1 -1 -1 -1 113 -1 0 65535 0 0
239.851868 65.177620 121.382217	241.568848 65.177620 101.757187
2 -0.996194 0.000000 -0.087158	0 0.000000 0.000000 0.000000

TRIGGER_ELEMENT 5
88.761024 58.169769 192.592255
1.000000 0.000000 0.000000	0.000000 1.000000 0.000000	0.000000 0.000000 1.000000
6 1 1.000000 23.500000 0.250000 0.000000 200.000000 -1 -1 -1 -1 111 -1 0 65535 0 0
88.761024 58.169769 204.342255	88.761024 58.169769 180.842255
2 -1.000000 0.000000 0.000000	0 0.000000 0.000000 0.000000

CAMERA_ELEMENT 4
2112.635986 145.209793 -274.313446
1.000000 0.000000 0.000000	0.000000 1.000000 0.000000	0.000000 0.000000 1.000000
0 0.000000 1
1 0 12 1 0 4.000000 0 37.500000 0.600000
0.000000 0.000000 0.000000
c14a
TRIGGER_ELEMENT 5
2113.275635 142.691589 -261.947876
-0.999848 0.000000 0.017453	0.000000 1.000000 0.000000	-0.017453 0.000000 -0.999848
6 1 1.000000 33.000004 0.250000 0.000000 200.000000 -1 -1 -1 -1 120 -1 0 0 0 0
2112.987549 142.691589 -278.445374	2113.563721 142.691589 -245.450378
2 0.999848 0.000000 -0.017458	0 0.000000 0.000000 0.000000
Replay Camera Trigger
CAMERA_ELEMENT 4
2236.952881 162.115799 -280.133301
1.000000 0.000000 0.000000	0.000000 1.000000 0.000000	0.000000 0.000000 1.000000
0 0.000000 1
1 0 12 0 0 3.000000 1 37.500000 0.600000
0.000000 0.000000 0.000000
c14b
TRIGGER_ELEMENT 5
2226.257813 159.715912 -293.737854
0.848048 0.000000 -0.529919	0.000000 1.000000 0.000000	0.529919 0.000000 0.848048
6 1 1.000000 42.100002 0.250000 0.000000 200.000000 -1 -1 -1 -1 122 -1 0 0 0 0
2237.412598 159.715912 -275.886444	2215.103027 159.715912 -311.589264
1 0.848081 0.000000 -0.529867	0 0.000000 0.000000 0.000000
Replay Camera Trigger
CAMERA_ELEMENT 4
2287.062988 172.933975 -327.166412
1.000000 0.000000 0.000000	0.000000 1.000000 0.000000	0.000000 0.000000 1.000000
0 0.000000 1
1 0 12 1 0 5.000000 0 37.500000 0.600000
0.000000 0.000000 0.000000
c14d
TRIGGER_ELEMENT 5
2279.103271 168.082962 -331.232239
-0.374606 0.000000 0.927184	0.000000 1.000000 0.000000	-0.927184 0.000000 -0.374606
6 1 1.000000 32.200001 0.250000 0.000000 200.000000 -1 -1 -1 -1 124 -1 0 0 0 0
2264.175537 168.082962 -337.263397	2294.031006 168.082962 -325.201080
1 -0.374525 0.000000 0.927217	0 0.000000 0.000000 0.000000
Replay Camera Trigger
CAMERA_ELEMENT 4
2691.898438 222.942154 -1185.167847
1.000000 0.000000 0.000000	0.000000 1.000000 0.000000	0.000000 0.000000 1.000000
0 0.000000 1
1 0 12 1 0 7.000000 0 37.500000 0.600000
0.000000 0.000000 0.000000
c18a
TRIGGER_ELEMENT 5
2679.193115 219.011627 -1192.863281
-0.374606 0.000000 -0.927184	0.000000 1.000000 0.000000	0.927184 0.000000 -0.374606
6 1 1.000000 36.900002 0.250000 0.000000 200.000000 -1 -1 -1 -1 126 -1 0 0 0 0
2696.299561 219.011627 -1199.774780	2662.086670 219.011627 -1185.951782
1 -0.374546 0.000000 -0.927208	0 0.000000 0.000000 0.000000
Replay Camera Trigger
