TRIGGER_ELEMENT 5
-380.179443 63.870296 381.024048
0.655414 -0.002141 0.755267	0.001403 0.999998 0.001617	0.750683 0.000000 -0.660663
2 0 1.000000 25.785400 0.250000 0.000000 200.000000 0 -1 -1 0 -1 -1 0 0 0 0
-370.501099 63.870296 372.506317	-389.857788 63.870296 389.541779
0 0.000000 0.000000 0.000000	1 0.655415 -0.002140 0.755266
Start
TRIGGER_ELEMENT 5
2278.992920 250.571884 -2388.153809
0.422618 0.000000 0.906308	0.000000 1.000000 0.000000	-0.906308 0.000000 0.422618
1 1 1.000000 27.699999 0.250000 0.000000 200.000000 1 -1 -1 1 -1 -1 0 65535 0 0
2266.440674 250.571884 -2382.300537	2291.545166 250.571884 -2394.007080
0 0.000000 0.000000 0.000000	0 0.000000 0.000000 0.000000

GEOM_ELEMENT 4
2284.091797 250.556213 -2390.552002
0.997872 0.056356 -0.007247	-0.056849 0.990228 -0.127343	0.000000 0.127484 0.991325
0 1162760003 0 0 -1 1 1 100
Geometry Element
GEOM_ELEMENT 4
2273.561035 250.594833 -2385.549316
0.997869 0.056400 -0.007260	-0.056894 0.990210 -0.127462	0.000000 0.127603 0.991309
0 1162760003 0 0 -1 1 1 100
Geometry Element
