TRIGGER_ELEMENT 5
893.119934 100.539841 -2253.349121
-0.941716 -0.124931 -0.312352	-0.118578 0.992165 -0.039331	-0.313056 0.000000 0.949735
2 1 1.000000 19.370913 0.250000 0.000000 200.000000 -1 -1 -1 -1 -1 -1 0 65535 0 0
890.087830 100.539841 -2244.150391	896.152039 100.539841 -2262.547852
0 0.000000 0.000000 0.000000	0 0.000000 0.000000 0.000000

TRIGGER_ELEMENT 5
-110.999847 80.094582 234.494598
0.900649 0.152168 0.407033	-0.138664 0.988355 -0.062667	0.335124 0.000000 -0.942174
1 1 1.000000 32.765335 0.250000 0.000000 200.000000 -1 -1 -1 -1 -1 -1 0 65535 0 0
-105.509621 80.094582 219.059280	-116.490074 80.094582 249.929916
0 0.000000 0.000000 0.000000	0 0.000000 0.000000 0.000000

GEOM_ELEMENT 5
-112.667824 79.808937 232.116150
0.912663 0.138192 0.384641	-0.130250 0.990378 -0.046767	-0.387402 -0.007417 0.921881
0 1213419078 0 0 -1 1 1 100.000000 100.000000 100.000000
Geometry Element
GEOM_ELEMENT 5
-115.025902 79.673210 237.661316
0.909744 0.161564 0.382442	-0.152456 0.986821 -0.054227	-0.386163 -0.008973 0.922387
0 1213419078 0 0 -1 1 1 100.000000 100.000000 100.000000
Geometry Element
