TRIGGER_ELEMENT 5
986.179443 130.816635 -284.412598
-0.956305 0.000000 -0.292371	0.000000 1.000000 0.000000	0.292371 0.000000 -0.956305
2 0 1.000000 11.700000 0.250000 0.000000 200.000000 0 -1 -1 0 -1 1 0 0 0 0
987.889832 130.816635 -290.006989	984.469055 130.816635 -278.818207
0 0.000000 0.000000 0.000000	1 -0.956308 0.000000 -0.292361

GEOM_ELEMENT 5
942.595398 134.898636 -302.894958
0.258798 -0.030494 -0.965450	0.012816 0.999522 -0.028134	0.965846 -0.005092 0.259065
1 827806273 0 0 -1 0 1 40.000000 40.000000 40.000000
a0
GEOM_ELEMENT 5
882.113220 134.632187 -305.302002
0.241922 -0.000298 -0.970296	0.001028 0.999999 -0.000050	0.970295 -0.000985 0.241922
1 827806273 0 0 -1 0 1 40.000000 40.000000 40.000000
a1
GEOM_ELEMENT 5
804.859009 134.904083 -302.923218
-0.207911 -0.000222 -0.978147	-0.000762 1.000000 -0.000065	0.978147 0.000732 -0.207912
1 827806273 0 0 -1 0 1 40.000000 40.000000 40.000000
a3
GEOM_ELEMENT 5
756.977356 133.877441 -296.388855
0.173552 0.005199 -0.984811	-0.033307 0.999445 -0.000594	0.984261 0.032904 0.173629
1 827806273 0 0 -1 0 1 40.000000 40.000000 40.000000
a4
GEOM_ELEMENT 5
701.605225 131.601456 -308.213074
-0.052297 0.044419 -0.997643	-0.038704 0.998169 0.046471	0.997881 0.041043 -0.050482
1 827806273 0 0 -1 0 1 40.000000 40.000000 40.000000
a5
GEOM_ELEMENT 5
646.392700 128.307724 -310.917969
-0.223834 -0.011440 0.974560	-0.099526 0.994972 -0.011180	-0.969532 -0.099496 -0.223847
1 827806273 0 0 -1 0 1 40.000000 40.000000 40.000000
a6
GEOM_ELEMENT 5
587.512878 124.813377 -308.041779
-0.499615 -0.019326 -0.866032	-0.039230 0.999230 0.000334	0.865359 0.034141 -0.499988
1 827806273 0 0 -1 0 1 40.000000 40.000000 40.000000
a7
GEOM_ELEMENT 5
540.295776 122.557365 -282.313446
-0.206810 -0.007338 -0.978354	-0.102814 0.994598 0.014273	0.972964 0.103540 -0.206447
1 827806273 0 0 -1 0 1 40.000000 40.000000 40.000000
a8
GEOM_ELEMENT 5
479.110016 115.773415 -289.576935
-0.120798 -0.003703 -0.992670	-0.132307 0.991131 0.012403	0.983820 0.132835 -0.120216
1 827806273 0 0 -1 0 1 40.000000 40.000000 40.000000
a9
GEOM_ELEMENT 5
415.258331 105.133354 -260.272217
0.412716 0.052954 0.909319	-0.110170 0.993882 -0.007876	-0.904172 -0.096929 0.416025
1 827806273 0 0 -1 0 1 40.000000 40.000000 40.000000
a10
GEOM_ELEMENT 5
356.013184 100.174484 -260.523621
-0.052307 -0.168589 -0.984297	0.033094 0.984813 -0.170436	0.998082 -0.041489 -0.045933
1 827806273 0 0 -1 0 1 40.000000 40.000000 40.000000
a11
GEOM_ELEMENT 5
301.834198 106.158394 -282.607697
0.672977 -0.159379 -0.722288	0.162113 0.984549 -0.066203	0.721679 -0.072540 0.688416
1 827806273 0 0 -1 0 1 40.000000 40.000000 40.000000
a12
GEOM_ELEMENT 5
299.464325 101.513863 -361.613525
0.999963 0.007415 -0.000904	-0.007470 0.992617 -0.121060	0.000000 0.121062 0.992636
1 827806273 0 0 -1 0 1 40.000000 40.000000 40.000000
a13
GEOM_ELEMENT 5
265.559784 92.239716 -405.784027
0.562825 0.145189 -0.813725	-0.192708 0.980372 0.041633	0.803798 0.133379 0.579758
1 827806273 0 0 -1 0 1 40.000000 40.000000 40.000000
a14
GEOM_ELEMENT 5
219.293976 91.460747 -436.331665
0.258790 0.149696 -0.954263	0.015138 0.987168 0.158964	0.965815 -0.055584 0.253203
1 827806273 0 0 -1 0 1 40.000000 40.000000 40.000000
a15
GEOM_ELEMENT 5
131.702545 105.823372 -356.800385
0.865531 0.010632 0.500742	0.055777 0.991509 -0.117463	-0.497740 0.129598 0.857589
1 827806273 0 0 -1 0 1 60.000000 60.000000 60.000000
af
GEOM_ELEMENT 5
942.484253 131.888077 -300.215271
0.999892 -0.012811 0.000361	0.012816 0.999522 -0.028134	0.000000 0.028136 0.999578
0 1162760003 0 0 -1 1 1 100.000000 100.000000 100.000000
Geometry Element
GEOM_ELEMENT 5
882.503601 131.933395 -307.950745
0.999936 -0.001028 0.000000	0.001028 0.999968 -0.000050	0.000000 0.000050 0.999968
0 1162760003 0 0 -1 1 1 100.000000 100.000000 100.000000
Geometry Element
GEOM_ELEMENT 5
804.093445 132.096252 -301.084320
0.999937 0.000762 0.000000	-0.000762 0.999968 -0.000065	0.000000 0.000065 0.999968
0 1162760003 0 0 -1 1 1 100.000000 100.000000 100.000000
Geometry Element
GEOM_ELEMENT 5
757.521973 130.085571 -298.781738
0.999270 0.033301 -0.000020	-0.033307 0.999445 -0.000594	0.000000 0.000594 0.999824
0 1162760003 0 0 -1 1 1 100.000000 100.000000 100.000000
Geometry Element
GEOM_ELEMENT 5
701.539246 129.128601 -306.176544
0.999014 0.038653 0.001800	-0.038704 0.998170 0.046471	0.000000 -0.046495 0.998681
0 1162760003 0 0 -1 1 1 100.000000 100.000000 100.000000
Geometry Element
GEOM_ELEMENT 5
645.916687 125.347099 -313.475372
0.993472 0.099363 -0.001116	-0.099526 0.994972 -0.011180	0.000000 0.011218 0.998366
0 1162760003 0 0 -1 1 1 100.000000 100.000000 100.000000
Geometry Element
GEOM_ELEMENT 5
589.042908 122.926422 -305.605408
0.999364 0.031080 0.000501	-0.031088 0.999387 0.016114	0.000000 -0.016119 0.999717
0 1162760003 0 0 -1 1 1 100.000000 100.000000 100.000000
Geometry Element
GEOM_ELEMENT 5
540.586853 119.106918 -285.237488
0.993591 0.098442 0.001771	-0.098610 0.994965 0.017895	0.000000 -0.017955 0.998296
0 1162760003 0 0 -1 1 1 100.000000 100.000000 100.000000
Geometry Element
GEOM_ELEMENT 5
479.162933 112.057396 -286.721588
0.988452 0.131928 0.001651	-0.132307 0.991131 0.012403	0.000000 -0.012478 0.997140
0 1162760003 0 0 -1 1 1 100.000000 100.000000 100.000000
Geometry Element
GEOM_ELEMENT 5
414.531036 101.396461 -263.064545
0.987856 0.135051 0.007706	-0.135667 0.989145 0.056443	0.000000 -0.056803 0.995455
0 1162760003 0 0 -1 1 1 100.000000 100.000000 100.000000
Geometry Element
GEOM_ELEMENT 5
356.845642 97.030113 -257.446899
0.999279 -0.032603 0.005642	0.033094 0.984813 -0.170436	0.000000 0.170500 0.985182
0 1162760003 0 0 -1 1 1 100.000000 100.000000 100.000000
Geometry Element
GEOM_ELEMENT 5
303.736664 101.045418 -284.559601
0.982642 -0.161071 0.010831	0.162113 0.984549 -0.066203	0.000000 0.066809 0.993571
0 1162760003 0 0 -1 1 1 100.000000 100.000000 100.000000
Geometry Element
GEOM_ELEMENT 5
296.425079 98.654892 -361.412354
0.999963 0.007415 -0.000904	-0.007470 0.992617 -0.121060	0.000000 0.121062 0.992636
0 1162760003 0 0 -1 1 1 100.000000 100.000000 100.000000
Geometry Element
GEOM_ELEMENT 5
267.707428 90.318398 -407.810455
0.975436 0.191393 0.008128	-0.192708 0.980373 0.041633	0.000000 -0.042177 0.993174
0 1162760003 0 0 -1 1 1 100.000000 100.000000 100.000000
Geometry Element
GEOM_ELEMENT 5
218.797989 88.205460 -434.563477
0.999849 -0.014945 -0.002407	0.015138 0.987168 0.158964	0.000000 -0.158976 0.987246
0 1162760003 0 0 -1 1 1 100.000000 100.000000 100.000000
Geometry Element
GEOM_ELEMENT 5
135.710907 102.087257 -353.424042
0.998869 -0.041260 0.003895	0.041455 0.994719 -0.093895	0.000000 0.093950 0.995304
0 1162760003 0 0 -1 1 1 100.000000 100.000000 100.000000
Geometry Element
GEOM_ELEMENT 5
128.100983 101.673386 -360.474304
0.999999 0.001111 -0.000089	-0.001114 0.996799 -0.079939	0.000000 0.079939 0.996800
0 1162760003 0 0 -1 1 1 100.000000 100.000000 100.000000
Geometry Element
TRIGGER_ELEMENT 5
943.145447 131.793533 -303.166595
0.974370 0.000000 0.224951	0.000000 1.000000 0.000000	-0.224951 0.000000 0.974370
0 1 1.000000 6.000000 0.250000 0.000000 200.000000 1 -1 -1 1 -1 2 0 1 0 0
942.470581 131.793533 -300.243500	943.820313 131.793533 -306.089691
0 0.000000 0.000000 0.000000	0 0.000000 0.000000 0.000000
Waypoint Tigger
TRIGGER_ELEMENT 5
882.558777 131.933502 -304.622772
1.000000 0.000000 0.000000	0.000000 1.000000 0.000000	0.000000 0.000000 1.000000
0 1 1.000000 5.700000 0.250000 0.000000 200.000000 2 -1 -1 2 -1 3 0 1 0 0
882.558777 131.933502 -301.772766	882.558777 131.933502 -307.472778
0 0.000000 0.000000 0.000000	0 0.000000 0.000000 0.000000
Waypoint Tigger
TRIGGER_ELEMENT 5
804.096741 132.099472 -304.506195
1.000000 0.000000 0.000000	0.000000 1.000000 0.000000	0.000000 0.000000 1.000000
0 1 1.000000 6.200000 0.250000 0.000000 200.000000 3 -1 -1 3 -1 4 0 1 0 0
804.096741 132.099472 -301.406189	804.096741 132.099472 -307.606201
0 0.000000 0.000000 0.000000	0 0.000000 0.000000 0.000000
Waypoint Tigger
TRIGGER_ELEMENT 5
757.312805 130.080322 -295.899567
0.996195 0.000000 0.087156	0.000000 1.000000 0.000000	-0.087156 0.000000 0.996195
0 1 1.000000 4.900000 0.250000 0.000000 200.000000 4 -1 -1 4 -1 5 0 1 0 0
757.099243 130.080322 -293.458893	757.526367 130.080322 -298.340240
0 0.000000 0.000000 0.000000	0 0.000000 0.000000 0.000000
Waypoint Tigger
TRIGGER_ELEMENT 5
701.481689 129.309601 -310.136963
1.000000 0.000000 0.000000	0.000000 1.000000 0.000000	0.000000 0.000000 1.000000
0 1 1.000000 7.700000 0.250000 0.000000 200.000000 5 -1 -1 5 -1 6 0 1 0 0
701.481689 129.309601 -306.286957	701.481689 129.309601 -313.986969
0 0.000000 0.000000 0.000000	0 0.000000 0.000000 0.000000
Waypoint Tigger
TRIGGER_ELEMENT 5
645.681946 125.385429 -309.953949
0.996195 0.000000 0.087156	0.000000 1.000000 0.000000	-0.087156 0.000000 0.996195
0 1 1.000000 6.300000 0.250000 0.000000 200.000000 6 -1 -1 6 -1 7 0 1 0 0
645.407410 125.385429 -306.815948	645.956482 125.385429 -313.091949
0 0.000000 0.000000 0.000000	0 0.000000 0.000000 0.000000
Waypoint Tigger
TRIGGER_ELEMENT 5
587.271912 122.906227 -309.063232
0.891006 0.000000 -0.453990	0.000000 1.000000 0.000000	0.453990 0.000000 0.891006
0 1 1.000000 7.900000 0.250000 0.000000 200.000000 7 -1 -1 7 -1 8 0 1 0 0
589.065186 122.906227 -305.543762	585.478638 122.906227 -312.582703
0 0.000000 0.000000 0.000000	0 0.000000 0.000000 0.000000
Waypoint Tigger
TRIGGER_ELEMENT 5
540.581604 119.049034 -281.618164
1.000000 0.000000 0.000000	0.000000 1.000000 0.000000	0.000000 0.000000 1.000000
0 1 1.000000 7.500000 0.250000 0.000000 200.000000 8 -1 -1 8 -1 9 0 1 0 0
540.581604 119.049034 -277.868164	540.581604 119.049034 -285.368164
0 0.000000 0.000000 0.000000	0 0.000000 0.000000 0.000000
Waypoint Tigger
TRIGGER_ELEMENT 5
478.865814 112.091454 -290.801849
1.000000 0.000000 0.000000	0.000000 1.000000 0.000000	0.000000 0.000000 1.000000
0 1 1.000000 8.400000 0.250000 0.000000 200.000000 9 -1 -1 9 -1 10 0 1 0 0
478.865814 112.091454 -286.601837	478.865814 112.091454 -295.001862
0 0.000000 0.000000 0.000000	0 0.000000 0.000000 0.000000
Waypoint Tigger
TRIGGER_ELEMENT 5
417.406128 101.496689 -255.893295
0.920505 0.000000 -0.390731	0.000000 1.000000 0.000000	0.390731 0.000000 0.920505
0 1 1.000000 15.200000 0.250000 0.000000 200.000000 10 -1 -1 10 -1 11 0 1 0 0
420.375671 101.496689 -248.897461	414.436584 101.496689 -262.889130
0 0.000000 0.000000 0.000000	0 0.000000 0.000000 0.000000
Waypoint Tigger
TRIGGER_ELEMENT 5
357.261139 96.391327 -261.057220
0.970296 0.000000 0.241922	0.000000 1.000000 0.000000	-0.241922 0.000000 0.970296
0 1 1.000000 8.200000 0.250000 0.000000 200.000000 11 -1 -1 11 -1 12 0 1 0 0
356.269257 96.391327 -257.079010	358.253021 96.391327 -265.035431
0 0.000000 0.000000 0.000000	0 0.000000 0.000000 0.000000
Waypoint Tigger
TRIGGER_ELEMENT 5
299.810944 101.926987 -281.149200
0.573576 0.000000 0.819152	0.000000 1.000000 0.000000	-0.819152 0.000000 0.573576
0 1 1.000000 9.500000 0.250000 0.000000 200.000000 12 -1 -1 12 -1 13 0 1 0 0
295.919983 101.926987 -278.424713	303.701904 101.926987 -283.873688
0 0.000000 0.000000 0.000000	0 0.000000 0.000000 0.000000
Waypoint Tigger
TRIGGER_ELEMENT 5
300.946838 98.638817 -361.889923
0.000000 0.000000 1.000000	0.000000 1.000000 0.000000	-1.000000 0.000000 0.000000
0 1 1.000000 8.500000 0.250000 0.000000 200.000000 13 -1 -1 13 -1 14 0 1 0 0
296.696838 98.638817 -361.889923	305.196838 98.638817 -361.889923
0 0.000000 0.000000 0.000000	0 0.000000 0.000000 0.000000
Waypoint Tigger
TRIGGER_ELEMENT 5
264.212280 89.482422 -404.303070
0.798636 0.000000 0.601815	0.000000 1.000000 0.000000	-0.601815 0.000000 0.798636
0 1 1.000000 9.700000 0.250000 0.000000 200.000000 14 -1 -1 14 -1 15 0 1 0 0
261.293488 89.482422 -400.429688	267.131073 89.482422 -408.176453
0 0.000000 0.000000 0.000000	0 0.000000 0.000000 0.000000
Waypoint Tigger
TRIGGER_ELEMENT 5
219.335693 88.978920 -439.106201
1.000000 0.000000 0.000000	0.000000 1.000000 0.000000	0.000000 0.000000 1.000000
0 1 1.000000 9.400000 0.250000 0.000000 200.000000 15 -1 -1 15 -1 16 0 1 0 0
219.335693 88.978920 -434.406189	219.335693 88.978920 -443.806213
0 0.000000 0.000000 0.000000	0 0.000000 0.000000 0.000000
Waypoint Tigger
TRIGGER_ELEMENT 5
131.879654 101.877098 -356.959595
0.681998 0.000000 -0.731354	0.000000 1.000000 0.000000	0.731354 0.000000 0.681998
1 1 1.000000 10.100000 0.250000 0.000000 200.000000 16 -1 -1 16 -1 -1 0 1 0 0
135.572998 101.877098 -353.515503	128.186310 101.877098 -360.403687
0 0.000000 0.000000 0.000000	0 0.000000 0.000000 0.000000
End
GEOM_ELEMENT 5
-141.482697 125.176498 -428.780457
-0.069736 -0.001047 0.997565	0.024355 0.999699 0.002752	-0.997268 0.024488 -0.069689
0 1464094277 1 0 -1 1 1 100.000000 100.000000 100.000000
Geometry Element
GEOM_ELEMENT 5
-143.126160 125.201485 -421.998016
-0.087128 -0.000645 0.996197	0.025343 0.999675 0.002864	-0.995875 0.025496 -0.087083
0 1464094277 1 0 -1 1 1 100.000000 100.000000 100.000000
Geometry Element
GEOM_ELEMENT 5
337.281982 101.916527 -134.896942
-0.086457 0.001594 -0.996252	0.126349 0.991941 -0.009378	0.988208 -0.126686 -0.085962
0 1464094277 0 0 -1 1 1 100.000000 100.000000 100.000000
Geometry Element
GEOM_ELEMENT 5
335.387878 102.086266 -142.196182
-0.069204 -0.000960 -0.997602	0.125641 0.992028 -0.009670	0.989659 -0.126009 -0.068531
0 1464094277 0 0 -1 1 1 100.000000 100.000000 100.000000
Geometry Element
GEOM_ELEMENT 5
1129.872925 134.592026 -299.797791
-0.543609 -0.003961 -0.839329	-0.061470 0.997491 0.035104	0.837085 0.070677 -0.542489
0 1464094277 0 0 -1 1 1 100.000000 100.000000 100.000000
Geometry Element
GEOM_ELEMENT 5
1129.241943 134.689163 -303.627289
-0.572463 -0.006510 -0.819905	-0.062294 0.997423 0.035575	0.817561 0.071441 -0.571393
0 1464094277 0 0 -1 1 1 100.000000 100.000000 100.000000
Geometry Element
