CAMERA_ELEMENT 4
-277.301880 66.915314 287.286194
1.000000 0.000000 0.000000	0.000000 1.000000 0.000000	0.000000 0.000000 1.000000
0 0.000000 1
1 1 12 1 1 3.000000 0 45.000000 0.600000
0.000000 0.000000 0.000000
c1
TRIGGER_ELEMENT 5
-394.697754 52.703758 310.932434
0.939692 0.000000 0.342020	0.000000 1.000000 0.000000	-0.342020 0.000000 0.939692
6 1 1.000000 35.000004 0.250000 0.000000 200.000000 -1 -1 -1 -1 0 -1 0 65535 0 0
-400.683105 52.703758 327.377045	-388.712402 52.703758 294.487823
1 0.939696 0.000000 0.342010	0 0.000000 0.000000 0.000000

CAMERA_ELEMENT 4
-89.855072 86.390114 257.525818
-0.495788 0.295718 0.816545	-0.018242 0.936485 -0.350231	-0.868252 -0.188536 -0.458904
0 0.000000 1
1 1 12 0 0 3.000000 1 45.000000 0.600000
0.000000 0.000000 0.000000
c2
TRIGGER_ELEMENT 5
-200.713165 72.447243 225.737488
0.920505 0.000000 -0.390731	0.000000 1.000000 0.000000	0.390731 0.000000 0.920505
6 1 1.000000 34.100002 0.250000 0.000000 200.000000 -1 -1 -1 -1 2 -1 0 65535 0 0
-194.051208 72.447243 241.432098	-207.375122 72.447243 210.042877
1 0.920504 0.000000 -0.390733	0 0.000000 0.000000 0.000000

CAMERA_ELEMENT 4
65.170929 117.776932 170.332428
0.547950 0.007969 0.836473	-0.222835 0.965213 0.136777	-0.806285 -0.261343 0.530664
0 0.000000 1
1 1 12 1 0 2.500000 0 45.000000 0.600000
0.000000 0.000000 0.000000
c3
TRIGGER_ELEMENT 5
-57.967232 88.246025 252.129776
1.000000 0.000000 0.000000	0.000000 1.000000 0.000000	0.000000 0.000000 1.000000
6 1 1.000000 28.900000 0.250000 0.000000 200.000000 -1 -1 -1 -1 4 -1 0 0 0 0
-57.967232 88.246025 266.579773	-57.967232 88.246025 237.679779
1 1.000000 0.000000 0.000000	0 0.000000 0.000000 0.000000
Replay Camera Trigger
CAMERA_ELEMENT 4
306.758484 117.373764 113.923424
0.891007 0.000000 0.453990	0.000000 1.000000 0.000000	-0.453990 0.000000 0.891007
0 0.000000 1
1 1 12 1 0 4.000000 0 45.000000 0.600000
0.000000 0.000000 0.000000
c4
TRIGGER_ELEMENT 5
213.217255 115.928894 175.951263
0.970296 0.000000 0.241922	0.000000 1.000000 0.000000	-0.241922 0.000000 0.970296
6 1 1.000000 32.900002 0.250000 0.000000 200.000000 -1 -1 -1 -1 6 -1 0 65535 0 0
209.237640 115.928894 191.912628	217.196869 115.928894 159.989899
1 0.970294 0.000000 0.241929	0 0.000000 0.000000 0.000000

CAMERA_ELEMENT 4
350.850586 103.984398 68.996490
-0.489747 0.007941 -0.871828	0.141520 0.987421 -0.070505	0.860302 -0.157911 -0.484711
0 0.000000 0
1 1 12 0 0 3.000000 1 50.000000 0.600000
0.000000 0.000000 0.000000
c5
TRIGGER_ELEMENT 5
362.696503 99.347710 62.991356
-0.939693 0.000000 0.342021	0.000000 1.000000 0.000000	-0.342021 0.000000 -0.939693
6 1 1.000000 32.400002 0.250000 0.000000 200.000000 -1 -1 -1 -1 8 -1 0 65535 0 0
357.155762 99.347710 47.768333	368.237244 99.347710 78.214378
2 0.939693 0.000000 -0.342020	0 0.000000 0.000000 0.000000

CAMERA_ELEMENT 4
602.416504 116.745743 -33.066410
1.000000 0.000000 0.000000	0.000000 1.000000 0.000000	0.000000 0.000000 1.000000
0 0.000000 1
1 1 12 1 0 3.500000 0 45.000000 0.600000
0.000000 0.000000 0.000000
c6
TRIGGER_ELEMENT 5
549.798828 101.492027 35.643841
0.927184 0.000000 -0.374607	0.000000 1.000000 0.000000	0.374607 0.000000 0.927184
6 1 1.000000 30.400002 0.250000 0.000000 200.000000 -1 -1 -1 -1 10 -1 0 65535 0 0
555.492859 101.492027 49.737038	544.104797 101.492027 21.550644
1 0.927184 0.000000 -0.374607	0 0.000000 0.000000 0.000000

CAMERA_ELEMENT 4
857.708252 141.704910 29.661831
1.000000 0.000000 0.000000	0.000000 1.000000 0.000000	0.000000 0.000000 1.000000
0 0.000000 1
1 1 12 0 0 3.000000 1 45.000000 0.600000
0.000000 0.000000 0.000000
c7
TRIGGER_ELEMENT 5
755.281738 131.208160 -43.143097
0.996195 0.000000 0.087156	0.000000 1.000000 0.000000	-0.087156 0.000000 0.996195
6 1 1.000000 32.200001 0.250000 0.000000 200.000000 -1 -1 -1 -1 12 -1 0 65535 0 0
753.878540 131.208160 -27.104364	756.684937 131.208160 -59.181831
1 0.996195 0.000000 0.087153	0 0.000000 0.000000 0.000000

CAMERA_ELEMENT 4
1038.567627 161.633453 137.694794
-0.184712 0.244427 0.951912	0.071609 0.969352 -0.235010	-0.980180 0.024756 -0.196554
0 0.000000 1
1 1 12 1 0 5.000000 0 45.000000 0.600000
0.000000 0.000000 0.000000
c8a
TRIGGER_ELEMENT 5
896.298340 142.395523 88.401337
-0.731354 0.000000 -0.681998	0.000000 1.000000 0.000000	0.681998 0.000000 -0.731354
6 1 1.000000 23.000000 0.250000 0.000000 200.000000 -1 -1 -1 -1 14 -1 0 65535 0 0
904.141296 142.395523 79.990768	888.455383 142.395523 96.811905
2 0.731368 0.000000 0.681984	0 0.000000 0.000000 0.000000

CAMERA_ELEMENT 4
1074.150391 171.552505 315.221954
1.000000 0.000000 0.000000	0.000000 1.000000 0.000000	0.000000 0.000000 1.000000
0 0.000000 1
1 1 12 1 0 3.000000 0 45.000000 0.600000
0.000000 0.000000 0.000000
c9
TRIGGER_ELEMENT 5
1063.771606 165.179001 196.911789
0.139173 0.000000 0.990268	0.000000 1.000000 0.000000	-0.990268 0.000000 0.139173
6 1 1.000000 18.700001 0.250000 0.000000 200.000000 -1 -1 -1 -1 16 -1 0 65535 0 0
1054.512573 165.179001 198.213058	1073.030640 165.179001 195.610519
1 0.139161 0.000000 0.990270	0 0.000000 0.000000 0.000000

CAMERA_ELEMENT 4
1305.852295 202.180328 377.285004
1.000000 0.000000 0.000000	0.000000 1.000000 0.000000	0.000000 0.000000 1.000000
0 0.000000 1
1 1 12 1 0 3.000000 0 45.000000 0.600000
0.000000 0.000000 0.000000
c10
TRIGGER_ELEMENT 5
1156.630127 182.424438 378.206940
0.906308 0.000000 0.422618	0.000000 1.000000 0.000000	-0.422618 0.000000 0.906308
6 1 1.000000 27.999998 0.250000 0.000000 200.000000 -1 -1 -1 -1 18 -1 0 65535 0 0
1150.713501 182.424438 390.895264	1162.546753 182.424438 365.518616
1 0.906302 0.000000 0.422632	0 0.000000 0.000000 0.000000

CAMERA_ELEMENT 4
1491.300781 173.719330 429.301605
1.000000 0.000000 0.000000	0.000000 1.000000 0.000000	0.000000 0.000000 1.000000
0 0.000000 1
1 1 12 0 0 3.000000 1 45.000000 0.600000
0.000000 0.000000 0.000000
c11
TRIGGER_ELEMENT 5
1389.794312 183.658798 413.538910
0.819152 0.000000 0.573576	0.000000 1.000000 0.000000	-0.573576 0.000000 0.819152
6 1 1.000000 34.000000 0.250000 0.000000 200.000000 -1 -1 -1 -1 20 -1 0 65535 0 0
1380.043457 183.658798 427.464508	1399.545166 183.658798 399.613312
1 0.819132 0.000000 0.573606	0 0.000000 0.000000 0.000000

CAMERA_ELEMENT 4
1628.409180 173.968613 251.292191
1.000000 0.000000 0.000000	0.000000 1.000000 0.000000	0.000000 0.000000 1.000000
1 3.000000 1
1 1 12 0 0 3.000000 1 30.000000 0.600000
0.000000 0.000000 0.000000
c12
TRIGGER_ELEMENT 5
1551.151611 170.557938 377.161163
-0.374606 0.000000 0.927184	0.000000 1.000000 0.000000	-0.927184 0.000000 -0.374606
6 1 1.000000 40.100002 0.250000 0.000000 200.000000 -1 -1 -1 -1 22 -1 0 65535 0 0
1532.561523 170.557938 369.650299	1569.741699 170.557938 384.672028
2 0.374630 0.000000 -0.927175	0 0.000000 0.000000 0.000000

CAMERA_ELEMENT 4
1659.447754 158.608704 -82.635033
1.000000 0.000000 0.000000	0.000000 1.000000 0.000000	0.000000 0.000000 1.000000
0 0.000000 1
1 1 12 1 0 3.000000 0 45.000000 0.600000
0.000000 0.000000 0.000000
c13
TRIGGER_ELEMENT 5
1676.005493 149.514877 67.210953
0.342020 0.000000 -0.939693	0.000000 1.000000 0.000000	0.939693 0.000000 0.342020
6 1 1.000000 200.599976 0.250000 0.000000 200.000000 -1 -1 -1 -1 24 -1 0 65535 0 0
1770.256592 149.514877 101.515572	1581.754395 149.514877 32.906334
1 0.342040 0.000000 -0.939686	0 0.000000 0.000000 0.000000

CAMERA_ELEMENT 4
1454.154053 146.505127 -293.255463
-0.341587 -0.767921 -0.541864	0.074264 0.552686 -0.830074	0.936912 -0.323783 -0.131761
0 0.000000 1
1 1 12 1 0 5.000000 0 45.000000 0.600000
0.000000 0.000000 0.000000
c14
TRIGGER_ELEMENT 5
1616.711426 138.325668 -216.138443
-0.615661 0.000000 -0.788011	0.000000 1.000000 0.000000	0.788011 0.000000 -0.615661
6 1 1.000000 184.600021 0.250000 0.000000 200.000000 -1 -1 -1 -1 26 -1 0 65535 0 0
1689.444824 138.325668 -272.963989	1543.978027 138.325668 -159.312897
1 -0.615624 0.000000 -0.788040	0 0.000000 0.000000 0.000000

CAMERA_ELEMENT 4
1174.978638 141.365601 -318.420074
1.000000 0.000000 0.000000	0.000000 1.000000 0.000000	0.000000 0.000000 1.000000
1 3.000000 1
1 1 12 0 0 3.000000 1 25.000000 0.600000
0.000000 0.000000 0.000000
c15
TRIGGER_ELEMENT 5
1328.600952 135.473068 -396.045441
-0.996195 0.000000 -0.087156	0.000000 1.000000 0.000000	0.087156 0.000000 -0.996195
6 1 1.000000 35.500000 0.250000 0.000000 200.000000 -1 -1 -1 -1 28 -1 0 65535 0 0
1330.147949 135.473068 -413.727905	1327.053955 135.473068 -378.362976
1 -0.996195 0.000000 -0.087156	0 0.000000 0.000000 0.000000

CAMERA_ELEMENT 4
898.622009 133.061264 -311.807892
0.453990 0.000000 -0.891006	0.000000 1.000000 0.000000	0.891006 0.000000 0.453990
0 0.000000 0
1 1 12 0 0 3.000000 1 60.000000 0.600000
0.000000 0.000000 0.000000
c16
TRIGGER_ELEMENT 5
1047.720215 130.490402 -275.782349
-1.000000 0.000000 0.000000	0.000000 1.000000 0.000000	0.000000 0.000000 -1.000000
6 1 1.000000 21.600000 0.250000 0.000000 200.000000 -1 -1 -1 -1 30 -1 0 65535 0 0
1047.720215 130.490402 -286.582336	1047.720215 130.490402 -264.982361
1 -1.000000 0.000000 0.000000	0 0.000000 0.000000 0.000000

CAMERA_ELEMENT 4
796.478394 134.285965 -295.706024
1.000000 0.000000 0.000000	0.000000 1.000000 0.000000	0.000000 0.000000 1.000000
0 0.000000 1
1 1 12 1 0 2.000000 0 45.000000 0.600000
0.000000 0.000000 0.000000
c17
TRIGGER_ELEMENT 5
897.400085 131.921814 -308.100647
-0.990268 0.000000 -0.139173	0.000000 1.000000 0.000000	0.139173 0.000000 -0.990268
6 1 1.000000 18.699999 0.250000 0.000000 200.000000 -1 -1 -1 -1 32 -1 0 65535 0 0
898.701355 131.921814 -317.359650	896.098816 131.921814 -298.841644
1 -0.990270 0.000000 -0.139157	0 0.000000 0.000000 0.000000

CAMERA_ELEMENT 4
624.383606 128.436691 -321.708618
1.000000 0.000000 0.000000	0.000000 1.000000 0.000000	0.000000 0.000000 1.000000
0 0.000000 1
1 1 12 1 0 4.000000 0 45.000000 0.600000
0.000000 0.000000 0.000000
c18
TRIGGER_ELEMENT 5
682.603516 128.239365 -307.436737
-0.974370 0.000000 -0.224951	0.000000 1.000000 0.000000	0.224951 0.000000 -0.974370
6 1 1.000000 19.799999 0.250000 0.000000 200.000000 -1 -1 -1 -1 34 -1 0 65535 0 0
684.830505 128.239365 -317.083008	680.376526 128.239365 -297.790466
1 -0.974371 0.000000 -0.224946	0 0.000000 0.000000 0.000000

CAMERA_ELEMENT 4
492.469452 118.517738 -290.753357
1.000000 0.000000 0.000000	0.000000 1.000000 0.000000	0.000000 0.000000 1.000000
0 0.000000 1
1 1 12 0 0 3.000000 1 30.000000 0.600000
0.000000 0.000000 0.000000
c19
TRIGGER_ELEMENT 5
572.878601 122.122192 -297.188965
-0.939692 0.000000 0.342020	0.000000 1.000000 0.000000	-0.342020 0.000000 -0.939692
6 1 1.000000 19.000000 0.250000 0.000000 200.000000 -1 -1 -1 -1 36 -1 0 65535 0 0
569.629395 122.122192 -306.116028	576.127808 122.122192 -288.261902
1 -0.939696 0.000000 0.342010	0 0.000000 0.000000 0.000000

CAMERA_ELEMENT 4
336.081573 103.565536 -255.645859
1.000000 0.000000 0.000000	0.000000 1.000000 0.000000	0.000000 0.000000 1.000000
1 2.000000 1
1 1 12 1 0 3.000000 0 45.000000 0.600000
0.000000 0.000000 0.000000
c20
TRIGGER_ELEMENT 5
437.483093 105.379059 -273.605591
-0.927184 0.000000 0.374606	0.000000 1.000000 0.000000	-0.374606 0.000000 -0.927184
6 1 1.000000 17.400000 0.250000 0.000000 200.000000 -1 -1 -1 -1 38 -1 0 65535 0 0
434.224030 105.379059 -281.672089	440.742157 105.379059 -265.539093
1 -0.927185 0.000000 0.374603	0 0.000000 0.000000 0.000000

CAMERA_ELEMENT 4
288.279846 105.040695 -403.289612
-0.393544 0.050391 0.917924	-0.271235 0.947683 -0.168312	-0.878382 -0.315211 -0.359287
0 0.000000 1
1 1 10 1 0 3.000000 0 25.000000 0.600000
0.000000 0.000000 0.000000
c21
TRIGGER_ELEMENT 5
304.441895 100.859756 -285.583862
-0.707107 0.000000 -0.707107	0.000000 1.000000 0.000000	0.707107 0.000000 -0.707107
6 1 1.000000 21.900000 0.250000 0.000000 200.000000 -1 -1 -1 -1 40 -1 0 65535 0 0
312.184723 100.859756 -293.326691	296.699066 100.859756 -277.841034
1 -0.707107 0.000000 -0.707107	0 0.000000 0.000000 0.000000

CAMERA_ELEMENT 4
156.287216 99.392403 -407.476624
1.000000 0.000000 0.000000	0.000000 1.000000 0.000000	0.000000 0.000000 1.000000
0 0.000000 1
1 1 12 1 0 2.000000 0 45.000000 0.600000
0.000000 0.000000 0.000000
c22
TRIGGER_ELEMENT 5
232.711197 87.491341 -428.785767
-0.965926 0.000000 -0.258820	0.000000 1.000000 0.000000	0.258820 0.000000 -0.965926
6 1 1.000000 19.500000 0.250000 0.000000 200.000000 -1 -1 -1 -1 42 -1 0 65535 0 0
235.234680 87.491341 -438.203552	230.187714 87.491341 -419.367981
1 -0.965926 0.000000 -0.258819	0 0.000000 0.000000 0.000000

CAMERA_ELEMENT 4
37.805698 117.815895 -324.895111
-0.642296 -0.059181 0.764168	-0.009648 0.997560 0.069146	-0.766395 0.037040 -0.641300
0 0.000000 1
1 1 12 0 0 3.000000 1 30.000000 0.600000
0.000000 0.000000 0.000000
c23
TRIGGER_ELEMENT 5
134.933182 101.469322 -360.478180
-0.601815 0.000000 0.798636	0.000000 1.000000 0.000000	-0.798636 0.000000 -0.601815
6 1 1.000000 25.400000 0.250000 0.000000 200.000000 -1 -1 -1 -1 44 -1 0 65535 0 0
124.790504 101.469322 -368.121216	145.075867 101.469322 -352.835144
1 -0.601815 0.000000 0.798636	0 0.000000 0.000000 0.000000

CAMERA_ELEMENT 4
-150.677917 127.836266 -431.811005
0.344471 0.043103 0.937807	0.038473 0.997458 -0.059977	-0.938008 0.056740 0.341937
0 0.000000 1
1 1 12 0 0 3.000000 1 40.000000 0.600000
0.000000 0.000000 0.000000
c24
TRIGGER_ELEMENT 5
-100.540466 124.096100 -416.483063
-0.961262 0.000000 -0.275638	0.000000 1.000000 0.000000	0.275638 0.000000 -0.961262
6 1 1.000000 22.200001 0.250000 0.000000 200.000000 -1 -1 -1 -1 46 -1 0 65535 0 0
-97.480888 124.096100 -427.153076	-103.600044 124.096100 -405.813049
1 -0.961262 0.000000 -0.275636	0 0.000000 0.000000 0.000000

CAMERA_ELEMENT 4
-272.637421 130.501907 -390.017792
1.000000 0.000000 0.000000	0.000000 1.000000 0.000000	0.000000 0.000000 1.000000
0 0.000000 1
1 1 12 1 0 4.000000 0 45.000000 0.600000
0.000000 0.000000 0.000000
c25
TRIGGER_ELEMENT 5
-218.969833 124.246132 -421.654663
1.000000 0.000000 0.000000	0.000000 1.000000 0.000000	0.000000 0.000000 1.000000
6 1 1.000000 27.400002 0.250000 0.000000 200.000000 -1 -1 -1 -1 48 -1 0 65535 0 0
-218.969833 124.246132 -407.954651	-218.969833 124.246132 -435.354675
2 -1.000000 0.000000 0.000000	0 0.000000 0.000000 0.000000

CAMERA_ELEMENT 4
-369.238464 139.269974 -403.567352
1.000000 0.000000 0.000000	0.000000 1.000000 0.000000	0.000000 0.000000 1.000000
0 0.000000 1
1 1 12 0 0 3.000000 1 45.000000 0.600000
0.000000 0.000000 0.000000
c26
CAMERA_ELEMENT 4
-350.542206 146.994965 -537.500000
1.000000 0.000000 0.000000	0.000000 1.000000 0.000000	0.000000 0.000000 1.000000
0 0.000000 1
1 1 12 1 0 3.000000 0 45.000000 0.600000
0.000000 0.000000 0.000000
c27
TRIGGER_ELEMENT 5
-404.992828 136.776154 -450.050201
-0.069756 0.000000 -0.997564	0.000000 1.000000 0.000000	0.997564 0.000000 -0.069756
6 1 1.000000 21.700001 0.250000 0.000000 200.000000 -1 -1 -1 -1 51 -1 0 65535 0 0
-394.169250 136.776154 -450.807068	-415.816406 136.776154 -449.293335
1 -0.069764 0.000000 -0.997564	0 0.000000 0.000000 0.000000

TRIGGER_ELEMENT 5
-325.496338 133.411850 -388.261078
-0.992546 0.000000 0.121869	0.000000 1.000000 0.000000	-0.121869 0.000000 -0.992546
6 1 1.000000 17.799999 0.250000 0.000000 200.000000 -1 -1 -1 -1 50 -1 0 65535 0 0
-326.580963 133.411850 -397.094727	-324.411713 133.411850 -379.427429
1 -0.992548 0.000000 0.121856	0 0.000000 0.000000 0.000000

CAMERA_ELEMENT 4
-260.463318 135.550613 -512.718750
1.000000 0.000000 0.000000	0.000000 1.000000 0.000000	0.000000 0.000000 1.000000
0 0.000000 1
1 1 12 1 0 5.000000 0 45.000000 0.600000
0.000000 0.000000 0.000000
c28
TRIGGER_ELEMENT 5
-348.323761 143.181213 -532.904541
0.913545 0.000000 -0.406737	0.000000 1.000000 0.000000	0.406737 0.000000 0.913545
6 1 1.000000 16.699999 0.250000 0.000000 200.000000 -1 -1 -1 -1 54 -1 0 65535 0 0
-344.927521 143.181213 -525.276428	-351.720001 143.181213 -540.532654
1 0.913545 0.000000 -0.406739	0 0.000000 0.000000 0.000000

CAMERA_ELEMENT 4
-7.834035 119.350563 -539.640076
1.000000 0.000000 0.000000	0.000000 1.000000 0.000000	0.000000 0.000000 1.000000
0 0.000000 1
1 1 12 1 0 3.000000 0 45.000000 0.600000
0.000000 0.000000 0.000000
c29
TRIGGER_ELEMENT 5
-136.002335 117.656273 -545.280396
0.981627 0.000000 -0.190809	0.000000 1.000000 0.000000	0.190809 0.000000 0.981627
6 1 1.000000 20.699999 0.250000 0.000000 200.000000 -1 -1 -1 -1 56 -1 0 65535 0 0
-134.027466 117.656273 -535.120544	-137.977203 117.656273 -555.440247
1 0.981630 0.000000 -0.190796	0 0.000000 0.000000 0.000000

CAMERA_ELEMENT 4
173.390121 117.548775 -623.447754
1.000000 0.000000 0.000000	0.000000 1.000000 0.000000	0.000000 0.000000 1.000000
1 2.000000 1
1 1 12 1 0 2.000000 0 45.000000 0.600000
0.000000 0.000000 0.000000
c30
TRIGGER_ELEMENT 5
61.855526 111.895493 -600.140137
0.939693 0.000000 -0.342020	0.000000 1.000000 0.000000	0.342020 0.000000 0.939693
6 1 1.000000 25.900002 0.250000 0.000000 200.000000 -1 -1 -1 -1 58 -1 0 65535 0 0
66.284683 111.895493 -587.971130	57.426365 111.895493 -612.309143
1 0.939686 0.000000 -0.342038	0 0.000000 0.000000 0.000000

CAMERA_ELEMENT 4
341.078278 127.852188 -546.408081
1.000000 0.000000 0.000000	0.000000 1.000000 0.000000	0.000000 0.000000 1.000000
0 0.000000 1
1 1 11 0 0 3.000000 0 45.000000 0.800000
0.000000 0.000000 0.000000
c31
TRIGGER_ELEMENT 5
292.531586 124.021515 -557.055054
0.978148 0.000000 0.207912	0.000000 1.000000 0.000000	-0.207912 0.000000 0.978148
6 1 1.000000 28.200001 0.250000 0.000000 200.000000 -1 -1 -1 -1 60 -1 0 65535 0 0
289.600037 124.021515 -543.263184	295.463135 124.021515 -570.846924
1 0.978153 0.000000 0.207887	0 0.000000 0.000000 0.000000

CAMERA_ELEMENT 4
751.614746 113.661446 -544.440674
1.000000 0.000000 0.000000	0.000000 1.000000 0.000000	0.000000 0.000000 1.000000
0 0.000000 1
1 1 12 1 0 2.000000 0 45.000000 0.600000
0.000000 0.000000 0.000000
c32
TRIGGER_ELEMENT 5
673.528931 111.668068 -585.675598
0.731354 0.000000 0.681998	0.000000 1.000000 0.000000	-0.681998 0.000000 0.731354
6 1 1.000000 18.700001 0.250000 0.000000 200.000000 -1 -1 -1 -1 62 -1 0 65535 0 0
667.152222 111.668068 -578.837463	679.905640 111.668068 -592.513733
1 0.731335 0.000000 0.682018	0 0.000000 0.000000 0.000000

CAMERA_ELEMENT 4
804.284363 100.760414 -717.952698
1.000000 0.000000 0.000000	0.000000 1.000000 0.000000	0.000000 0.000000 1.000000
0 0.000000 1
1 1 12 1 0 3.000000 0 45.000000 0.600000
0.000000 0.000000 0.000000
c34
TRIGGER_ELEMENT 5
830.846741 98.793770 -624.316589
0.258819 0.000000 -0.965926	0.000000 1.000000 0.000000	0.965926 0.000000 0.258819
6 1 1.000000 17.699999 0.250000 0.000000 200.000000 -1 -1 -1 -1 64 -1 0 65535 0 0
839.395203 98.793770 -622.026062	822.298279 98.793770 -626.607117
1 0.258787 0.000000 -0.965934	0 0.000000 0.000000 0.000000

CAMERA_ELEMENT 4
674.395874 110.414398 -834.559204
1.000000 0.000000 0.000000	0.000000 1.000000 0.000000	0.000000 0.000000 1.000000
0 0.000000 1
1 1 8 0 0 3.000000 0 45.000000 0.600000
0.000000 0.000000 0.000000
c35
TRIGGER_ELEMENT 5
669.819580 106.212914 -829.073669
0.656059 0.000000 0.754710	0.000000 1.000000 0.000000	-0.754710 0.000000 0.656059
6 1 1.000000 26.300001 0.250000 0.000000 200.000000 -1 -1 -1 -1 66 -1 0 65535 0 0
659.895142 106.212914 -820.446472	679.744019 106.212914 -837.700867
2 -0.656068 0.000000 -0.754701	0 0.000000 0.000000 0.000000

CAMERA_ELEMENT 4
1158.219971 174.143524 -1155.435669
-0.895691 -0.202614 0.395835	-0.199794 0.978620 0.048830	-0.397265 -0.035349 -0.917023
0 0.000000 1
1 1 12 0 0 3.000000 1 45.000000 0.600000
0.000000 0.000000 0.000000
c36
TRIGGER_ELEMENT 5
1039.735718 146.373825 -1052.965088
0.984808 0.000000 -0.173648	0.000000 1.000000 0.000000	0.173648 0.000000 0.984808
6 1 1.000000 17.200001 0.250000 0.000000 200.000000 -1 -1 -1 -1 68 -1 0 65535 0 0
1041.229126 146.373825 -1044.495728	1038.242310 146.373825 -1061.434448
1 0.984800 0.000000 -0.173695	0 0.000000 0.000000 0.000000

CAMERA_ELEMENT 4
1083.969727 157.199860 -1449.123291
-0.462326 0.093142 0.881805	-0.102280 0.982228 -0.157374	-0.880791 -0.162949 -0.444583
0 0.000000 1
1 1 12 0 0 3.000000 1 25.000000 0.600000
0.000000 0.000000 0.000000
c37
TRIGGER_ELEMENT 5
1147.032959 152.339478 -1287.524536
0.258819 0.000000 -0.965926	0.000000 1.000000 0.000000	0.965926 0.000000 0.258819
6 1 1.000000 72.300003 0.250000 0.000000 200.000000 -1 -1 -1 -1 70 -1 0 65535 0 0
1181.951172 152.339478 -1278.168213	1112.114746 152.339478 -1296.880859
1 0.258787 0.000000 -0.965934	0 0.000000 0.000000 0.000000

CAMERA_ELEMENT 4
890.443665 150.686615 -1395.228638
1.000000 0.000000 0.000000	0.000000 1.000000 0.000000	0.000000 0.000000 1.000000
0 0.000000 1
1 1 12 1 0 4.000000 0 45.000000 0.600000
0.000000 0.000000 0.000000
c38
TRIGGER_ELEMENT 5
981.524109 142.284866 -1468.107910
0.984808 0.000000 -0.173648	0.000000 1.000000 0.000000	0.173648 0.000000 0.984808
6 1 1.000000 88.100006 0.250000 0.000000 200.000000 -1 -1 -1 -1 72 -1 0 65535 0 0
989.173340 142.284866 -1424.727173	973.874878 142.284866 -1511.488647
2 -0.984798 0.000000 0.173705	0 0.000000 0.000000 0.000000

CAMERA_ELEMENT 4
591.556152 148.780518 -1463.190674
1.000000 0.000000 0.000000	0.000000 1.000000 0.000000	0.000000 0.000000 1.000000
0 0.000000 1
1 1 12 1 0 3.000000 0 45.000000 0.600000
0.000000 0.000000 0.000000
c39
TRIGGER_ELEMENT 5
795.796021 139.960403 -1471.227539
-0.766044 0.000000 -0.642788	0.000000 1.000000 0.000000	0.642788 0.000000 -0.766044
6 1 1.000000 80.400002 0.250000 0.000000 200.000000 -1 -1 -1 -1 74 -1 0 65535 0 0
821.636108 139.960403 -1502.022461	769.955933 139.960403 -1440.432617
1 -0.766031 0.000000 -0.642804	0 0.000000 0.000000 0.000000

CAMERA_ELEMENT 4
552.988953 128.479523 -1745.713745
0.841865 -0.124591 0.525109	0.112972 0.992115 0.054278	-0.527731 0.013628 0.849302
0 0.000000 1
1 1 12 1 0 3.000000 0 45.000000 0.600000
0.000000 0.000000 0.000000
c40
TRIGGER_ELEMENT 5
516.622681 124.925858 -1555.587524
0.207912 0.000000 0.978148	0.000000 1.000000 0.000000	-0.978148 0.000000 0.207912
6 1 1.000000 24.500000 0.250000 0.000000 200.000000 -1 -1 -1 -1 76 -1 0 65535 0 0
504.640381 124.925858 -1553.040649	528.604980 124.925858 -1558.134399
2 -0.207887 0.000000 -0.978153	0 0.000000 0.000000 0.000000

CAMERA_ELEMENT 4
469.254089 114.296829 -2083.294922
1.000000 0.000000 0.000000	0.000000 1.000000 0.000000	0.000000 0.000000 1.000000
0 0.000000 1
1 1 12 1 0 10.000000 0 45.000000 0.600000
0.000000 0.000000 0.000000
c41
TRIGGER_ELEMENT 5
429.788177 113.226257 -1859.416382
0.342020 0.000000 0.939693	0.000000 1.000000 0.000000	-0.939693 0.000000 0.342020
6 1 1.000000 23.500000 0.250000 0.000000 200.000000 -1 -1 -1 -1 78 -1 0 65535 0 0
418.746796 113.226257 -1855.397705	440.829559 113.226257 -1863.435059
2 -0.342010 0.000000 -0.939696	0 0.000000 0.000000 0.000000

CAMERA_ELEMENT 4
808.136841 113.381393 -2104.653320
1.000000 0.000000 0.000000	0.000000 1.000000 0.000000	0.000000 0.000000 1.000000
1 2.000000 1
1 1 12 1 0 5.000000 0 45.000000 0.600000
0.000000 0.000000 0.000000
c42
TRIGGER_ELEMENT 5
685.419373 110.071457 -2174.968994
0.974370 0.000000 -0.224951	0.000000 1.000000 0.000000	0.224951 0.000000 0.974370
6 1 1.000000 28.900002 0.250000 0.000000 200.000000 -1 -1 -1 -1 80 -1 0 65535 0 0
688.669922 110.071457 -2160.889404	682.168823 110.071457 -2189.048584
1 0.974391 0.000000 -0.224860	0 0.000000 0.000000 0.000000

CAMERA_ELEMENT 4
982.511169 112.207436 -2225.493896
1.000000 0.000000 0.000000	0.000000 1.000000 0.000000	0.000000 0.000000 1.000000
0 0.000000 1
1 1 12 0 2 3.000000 1 30.000000 0.600000
0.000000 0.000000 0.000000
c43
TRIGGER_ELEMENT 5
963.901855 112.714310 -2126.296387
0.798636 0.000000 -0.601815	0.000000 1.000000 0.000000	0.601815 0.000000 0.798636
6 1 1.000000 29.200001 0.250000 0.000000 200.000000 -1 -1 -1 -1 82 -1 0 65535 0 0
972.688354 112.714310 -2114.636230	955.115356 112.714310 -2137.956543
1 0.798643 0.000000 -0.601805	0 0.000000 0.000000 0.000000

TRIGGER_ELEMENT 5
861.164856 99.238297 -2263.104736
0.984808 0.000000 0.173648	0.000000 1.000000 0.000000	-0.173648 0.000000 0.984808
6 1 1.000000 20.400002 0.250000 0.000000 200.000000 -1 -1 -1 -1 82 -1 0 65535 0 0
859.393616 99.238297 -2253.059814	862.936096 99.238297 -2273.149658
1 0.984819 0.000000 0.173587	0 0.000000 0.000000 0.000000

TRIGGER_ELEMENT 5
978.484070 113.296860 -2140.426270
-0.500000 0.000000 0.866026	0.000000 1.000000 0.000000	-0.866026 0.000000 -0.500000
6 1 1.000000 15.300000 0.250000 0.000000 200.000000 -1 -1 -1 -1 80 -1 0 65535 0 0
971.858948 113.296860 -2144.251221	985.109192 113.296860 -2136.601318
1 -0.500025 0.000000 0.866011	0 0.000000 0.000000 0.000000

TRIGGER_ELEMENT 5
683.926880 109.992157 -2173.944580
-0.974370 0.000000 0.224951	0.000000 1.000000 0.000000	-0.224951 0.000000 -0.974370
6 1 1.000000 27.900000 0.250000 0.000000 200.000000 -1 -1 -1 -1 78 -1 0 65535 0 0
680.788818 109.992157 -2187.537109	687.064941 109.992157 -2160.352051
1 -0.974391 0.000000 0.224860	0 0.000000 0.000000 0.000000

TRIGGER_ELEMENT 5
428.221527 113.169296 -1863.101929
0.358368 0.000000 0.933580	0.000000 1.000000 0.000000	-0.933580 0.000000 0.358368
6 1 1.000000 28.500002 0.250000 0.000000 200.000000 -1 -1 -1 -1 76 -1 0 65535 0 0
414.917999 113.169296 -1857.995239	441.525055 113.169296 -1868.208618
1 0.358363 0.000000 0.933582	0 0.000000 0.000000 0.000000

TRIGGER_ELEMENT 5
515.658569 124.468636 -1563.839844
0.139173 0.000000 0.990268	0.000000 1.000000 0.000000	-0.990268 0.000000 0.139173
6 1 1.000000 24.900002 0.250000 0.000000 200.000000 -1 -1 -1 -1 74 -1 0 65535 0 0
503.329742 124.468636 -1562.107178	527.987427 124.468636 -1565.572510
1 0.139165 0.000000 0.990269	0 0.000000 0.000000 0.000000

TRIGGER_ELEMENT 5
774.414185 139.750412 -1480.382935
0.951056 0.000000 0.309017	0.000000 1.000000 0.000000	-0.309017 0.000000 0.951056
6 1 1.000000 78.899994 0.250000 0.000000 200.000000 -1 -1 -1 -1 72 -1 0 65535 0 0
762.223450 139.750412 -1442.863770	786.604919 139.750412 -1517.902100
1 0.951073 0.000000 0.308967	0 0.000000 0.000000 0.000000

TRIGGER_ELEMENT 5
976.029236 142.305054 -1459.856689
0.981627 0.000000 -0.190809	0.000000 1.000000 0.000000	0.190809 0.000000 0.981627
6 1 1.000000 80.500000 0.250000 0.000000 200.000000 -1 -1 -1 -1 70 -1 0 0 0 0
983.709290 142.305054 -1420.346191	968.349182 142.305054 -1499.367188
1 0.981630 0.000000 -0.190796	0 0.000000 0.000000 0.000000
Replay Camera Trigger
TRIGGER_ELEMENT 5
1145.144897 152.515503 -1284.875366
-0.241921 0.000000 0.970296	0.000000 1.000000 0.000000	-0.970296 0.000000 -0.241921
6 1 1.000000 79.900002 0.250000 0.000000 200.000000 -1 -1 -1 -1 68 -1 0 65535 0 0
1106.381592 152.515503 -1294.540161	1183.908203 152.515503 -1275.210571
1 -0.241932 0.000000 0.970293	0 0.000000 0.000000 0.000000

CAMERA_ELEMENT 4
1028.337646 147.835770 -1042.418823
1.000000 0.000000 0.000000	0.000000 1.000000 0.000000	0.000000 0.000000 1.000000
0 0.000000 1
1 1 10 0 0 3.000000 0 45.000000 0.600000
0.000000 0.000000 0.000000
c61
TRIGGER_ELEMENT 5
1033.409058 145.976288 -1052.452271
-0.984808 0.000000 0.173648	0.000000 1.000000 0.000000	-0.173648 0.000000 -0.984808
6 1 1.000000 21.900000 0.250000 0.000000 200.000000 -1 -1 -1 -1 92 -1 0 65535 0 0
1031.507568 145.976288 -1063.235962	1035.310547 145.976288 -1041.668579
1 -0.984800 0.000000 0.173695	0 0.000000 0.000000 0.000000

TRIGGER_ELEMENT 5
671.120300 106.188362 -827.871338
-0.669130 0.000000 -0.743145	0.000000 1.000000 0.000000	0.743145 0.000000 -0.669130
6 1 1.000000 23.600002 0.250000 0.000000 200.000000 -1 -1 -1 -1 64 -1 0 65535 0 0
679.889404 106.188362 -835.767090	662.351196 106.188362 -819.975586
2 0.669120 0.000000 0.743154	0 0.000000 0.000000 0.000000

TRIGGER_ELEMENT 5
830.634460 98.979118 -622.926575
-0.275637 0.000000 0.961262	0.000000 1.000000 0.000000	-0.961262 0.000000 -0.275637
6 1 1.000000 21.800001 0.250000 0.000000 200.000000 -1 -1 -1 -1 62 -1 0 65535 0 0
820.156677 98.979118 -625.931030	841.112244 98.979118 -619.922119
1 -0.275640 0.000000 0.961261	0 0.000000 0.000000 0.000000

CAMERA_ELEMENT 4
668.556519 114.989052 -598.162659
1.000000 0.000000 0.000000	0.000000 1.000000 0.000000	0.000000 0.000000 1.000000
0 0.000000 1
1 1 8 0 0 3.000000 0 45.000000 0.600000
0.000000 0.000000 0.000000
c62
TRIGGER_ELEMENT 5
684.239319 111.448143 -576.755859
-0.743145 0.000000 -0.669131	0.000000 1.000000 0.000000	0.669131 0.000000 -0.743145
6 1 1.000000 22.200001 0.250000 0.000000 200.000000 -1 -1 -1 -1 96 -1 0 65535 0 0
691.666687 111.448143 -585.004761	676.811951 111.448143 -568.506958
1 -0.743154 0.000000 -0.669120	0 0.000000 0.000000 0.000000

TRIGGER_ELEMENT 5
289.838257 123.898811 -557.497742
-0.974370 0.000000 -0.224951	0.000000 1.000000 0.000000	0.224951 0.000000 -0.974370
6 1 1.000000 32.900002 0.250000 0.000000 200.000000 -1 -1 -1 -1 58 -1 0 65535 0 0
293.538696 123.898811 -573.526123	286.137817 123.898811 -541.469360
1 -0.974364 0.000000 -0.224975	0 0.000000 0.000000 0.000000

TRIGGER_ELEMENT 5
51.842514 112.556313 -593.139526
-0.838670 0.000000 0.544639	0.000000 1.000000 0.000000	-0.544639 0.000000 -0.838670
6 1 1.000000 25.400000 0.250000 0.000000 200.000000 -1 -1 -1 -1 56 -1 0 65535 0 0
44.925598 112.556313 -603.790649	58.759430 112.556313 -582.488403
1 -0.838680 0.000000 0.544624	0 0.000000 0.000000 0.000000

TRIGGER_ELEMENT 5
-126.106094 116.975502 -546.533203
-0.990268 0.000000 0.139173	0.000000 1.000000 0.000000	-0.139173 0.000000 -0.990268
6 1 1.000000 23.200001 0.250000 0.000000 200.000000 -1 -1 -1 -1 54 -1 0 65535 0 0
-127.720497 116.975502 -558.020325	-124.491692 116.975502 -535.046082
1 -0.990270 0.000000 0.139161	0 0.000000 0.000000 0.000000

TRIGGER_ELEMENT 5
-262.797272 133.270844 -519.045105
-0.990268 0.000000 -0.139173	0.000000 1.000000 0.000000	0.139173 0.000000 -0.990268
6 1 1.000000 25.000000 0.250000 0.000000 200.000000 -1 -1 -1 -1 51 -1 0 0 0 0
-261.057617 133.270844 -531.423462	-264.536926 133.270844 -506.666748
1 -0.990270 0.000000 -0.139161	0 0.000000 0.000000 0.000000
Replay Camera Trigger
TRIGGER_ELEMENT 5
-405.110718 137.369934 -458.349945
0.052336 0.000000 0.998630	0.000000 1.000000 0.000000	-0.998630 0.000000 0.052336
6 1 1.000000 24.000000 0.250000 0.000000 200.000000 -1 -1 -1 -1 50 -1 0 0 0 0
-417.094269 137.369934 -457.721924	-393.127167 137.369934 -458.977966
1 0.052338 0.000000 0.998629	0 0.000000 0.000000 0.000000
Replay Camera Trigger
TRIGGER_ELEMENT 5
-321.853271 133.064133 -389.393402
0.992546 0.000000 -0.121869	0.000000 1.000000 0.000000	0.121869 0.000000 0.992546
6 1 1.000000 20.000000 0.250000 0.000000 200.000000 -1 -1 -1 -1 48 -1 0 0 0 0
-320.634583 133.064133 -379.467957	-323.071960 133.064133 -399.318848
1 0.992548 0.000000 -0.121856	0 0.000000 0.000000 0.000000
Replay Camera Trigger
TRIGGER_ELEMENT 5
-218.374176 124.198868 -420.121796
1.000000 0.000000 0.000000	0.000000 1.000000 0.000000	0.000000 0.000000 1.000000
6 1 1.000000 27.100000 0.250000 0.000000 200.000000 -1 -1 -1 -1 48 -1 0 65535 0 0
-218.374176 124.198868 -406.571808	-218.374176 124.198868 -433.671783
1 1.000000 0.000000 0.000000	0 0.000000 0.000000 0.000000

TRIGGER_ELEMENT 5
-105.416718 123.977669 -419.540436
0.984808 0.000000 0.173648	0.000000 1.000000 0.000000	-0.173648 0.000000 0.984808
6 1 1.000000 23.200001 0.250000 0.000000 200.000000 -1 -1 -1 -1 44 -1 0 0 0 0
-107.431030 123.977669 -408.116669	-103.402405 123.977669 -430.964203
1 0.984808 0.000000 0.173645	0 0.000000 0.000000 0.000000
Replay Camera Trigger
TRIGGER_ELEMENT 5
136.065598 101.317627 -361.643158
0.615662 0.000000 -0.788011	0.000000 1.000000 0.000000	0.788011 0.000000 0.615662
6 1 1.000000 21.200001 0.250000 0.000000 200.000000 -1 -1 -1 -1 42 -1 0 0 0 0
144.418518 101.317627 -355.117126	127.712677 101.317627 -368.169189
1 0.615655 0.000000 -0.788016	0 0.000000 0.000000 0.000000
Replay Camera Trigger
TRIGGER_ELEMENT 5
223.923218 87.565178 -431.075409
0.992546 0.000000 0.121869	0.000000 1.000000 0.000000	-0.121869 0.000000 0.992546
6 1 1.000000 16.400000 0.250000 0.000000 200.000000 -1 -1 -1 -1 40 -1 0 65535 0 0
222.923889 87.565178 -422.936523	224.922546 87.565178 -439.214294
1 0.992548 0.000000 0.121856	0 0.000000 0.000000 0.000000

TRIGGER_ELEMENT 5
292.737244 101.455078 -315.015656
-0.034899 0.000000 0.999391	0.000000 1.000000 0.000000	-0.999391 0.000000 -0.034899
6 1 1.000000 18.900000 0.250000 0.000000 200.000000 -1 -1 -1 -1 38 -1 0 65535 0 0
283.292999 101.455078 -315.345459	302.181488 101.455078 -314.685852
1 -0.034912 0.000000 0.999390	0 0.000000 0.000000 0.000000

TRIGGER_ELEMENT 5
391.199585 98.710289 -256.130920
0.978148 0.000000 -0.207912	0.000000 1.000000 0.000000	0.207912 0.000000 0.978148
6 1 1.000000 16.500000 0.250000 0.000000 200.000000 -1 -1 -1 -1 36 -1 0 65535 0 0
392.914856 98.710289 -248.061203	389.484314 98.710289 -264.200653
1 0.978147 0.000000 -0.207916	0 0.000000 0.000000 0.000000

TRIGGER_ELEMENT 5
566.131104 121.600266 -294.081055
0.939693 0.000000 -0.342020	0.000000 1.000000 0.000000	0.342020 0.000000 0.939693
6 1 1.000000 22.500000 0.250000 0.000000 200.000000 -1 -1 -1 -1 34 -1 0 65535 0 0
569.978821 121.600266 -283.509521	562.283386 121.600266 -304.652588
1 0.939696 0.000000 -0.342010	0 0.000000 0.000000 0.000000

TRIGGER_ELEMENT 5
684.224915 128.348969 -307.363861
0.970296 0.000000 0.241922	0.000000 1.000000 0.000000	-0.241922 0.000000 0.970296
6 1 1.000000 19.299999 0.250000 0.000000 200.000000 -1 -1 -1 -1 32 -1 0 65535 0 0
681.890381 128.348969 -298.000519	686.559448 128.348969 -316.727203
1 0.970297 0.000000 0.241918	0 0.000000 0.000000 0.000000

TRIGGER_ELEMENT 5
894.312195 131.925217 -308.024261
0.998630 0.000000 0.052336	0.000000 1.000000 0.000000	-0.052336 0.000000 0.998630
6 1 1.000000 16.900000 0.250000 0.000000 200.000000 -1 -1 -1 -1 30 -1 0 65535 0 0
893.869934 131.925217 -299.585846	894.754456 131.925217 -316.462677
1 0.998630 0.000000 0.052336	0 0.000000 0.000000 0.000000

TRIGGER_ELEMENT 5
1066.440552 130.943909 -277.467560
0.956305 0.000000 -0.292372	0.000000 1.000000 0.000000	0.292372 0.000000 0.956305
6 1 1.000000 17.700001 0.250000 0.000000 200.000000 -1 -1 -1 -1 28 -1 0 65535 0 0
1069.028076 130.943909 -269.004272	1063.853027 130.943909 -285.930847
1 0.956308 0.000000 -0.292361	0 0.000000 0.000000 0.000000

TRIGGER_ELEMENT 5
1332.560303 135.451172 -396.032288
0.978148 0.000000 0.207912	0.000000 1.000000 0.000000	-0.207912 0.000000 0.978148
6 1 1.000000 37.199997 0.250000 0.000000 200.000000 -1 -1 -1 -1 26 -1 0 65535 0 0
1328.693115 135.451172 -377.838745	1336.427490 135.451172 -414.225830
1 0.978147 0.000000 0.207916	0 0.000000 0.000000 0.000000

TRIGGER_ELEMENT 5
1571.331543 133.080460 -254.999359
0.866026 0.000000 0.500000	0.000000 1.000000 0.000000	-0.500000 0.000000 0.866026
6 1 1.000000 38.000004 0.250000 0.000000 200.000000 -1 -1 -1 -1 24 -1 0 65535 0 0
1561.831543 133.080460 -238.544876	1580.831543 133.080460 -271.453857
1 0.866011 0.000000 0.500025	0 0.000000 0.000000 0.000000

TRIGGER_ELEMENT 5
1673.007080 149.708740 68.549591
0.342020 0.000000 -0.939693	0.000000 1.000000 0.000000	0.939693 0.000000 0.342020
6 1 1.000000 215.900009 0.250000 0.000000 200.000000 -1 -1 -1 -1 22 -1 0 65535 0 0
1774.446899 149.708740 105.470673	1571.567261 149.708740 31.628506
2 -0.342040 0.000000 0.939686	0 0.000000 0.000000 0.000000

TRIGGER_ELEMENT 5
1552.505981 170.491135 372.130188
-0.325568 0.000000 0.945519	0.000000 1.000000 0.000000	-0.945519 0.000000 -0.325568
6 1 1.000000 44.100002 0.250000 0.000000 200.000000 -1 -1 -1 -1 20 -1 0 65535 0 0
1531.657349 170.491135 364.951416	1573.354614 170.491135 379.308960
1 -0.325560 0.000000 0.945521	0 0.000000 0.000000 0.000000

TRIGGER_ELEMENT 5
1394.564575 183.467209 417.157745
-0.829038 0.000000 -0.559193	0.000000 1.000000 0.000000	0.559193 0.000000 -0.829038
6 1 1.000000 29.400002 0.250000 0.000000 200.000000 -1 -1 -1 -1 18 -1 0 65535 0 0
1402.784668 183.467209 404.970886	1386.344482 183.467209 429.344604
1 -0.829014 0.000000 -0.559228	0 0.000000 0.000000 0.000000

TRIGGER_ELEMENT 5
1170.207520 184.426910 383.650513
-0.945519 0.000000 -0.325568	0.000000 1.000000 0.000000	0.325568 0.000000 -0.945519
6 1 1.000000 21.700001 0.250000 0.000000 200.000000 -1 -1 -1 -1 16 -1 0 65535 0 0
1173.739990 184.426910 373.391632	1166.675049 184.426910 393.909393
1 -0.945525 0.000000 -0.325550	0 0.000000 0.000000 0.000000

TRIGGER_ELEMENT 5
1063.938354 165.606354 202.801743
0.087156 0.000000 0.996195	0.000000 1.000000 0.000000	-0.996195 0.000000 0.087156
6 1 1.000000 15.200000 0.250000 0.000000 200.000000 -1 -1 -1 -1 14 -1 0 65535 0 0
1056.367310 165.606354 203.464127	1071.509399 165.606354 202.139359
2 -0.087158 0.000000 -0.996194	0 0.000000 0.000000 0.000000

TRIGGER_ELEMENT 5
904.623474 143.445633 93.280907
-0.866025 0.000000 -0.500000	0.000000 1.000000 0.000000	0.500000 0.000000 -0.866025
6 1 1.000000 17.299999 0.250000 0.000000 200.000000 -1 -1 -1 -1 12 -1 0 65535 0 0
908.948486 143.445633 85.789787	900.298462 143.445633 100.772026
1 -0.866026 0.000000 -0.499999	0 0.000000 0.000000 0.000000

TRIGGER_ELEMENT 5
753.194153 130.967926 -43.586807
-0.997564 0.000000 -0.069756	0.000000 1.000000 0.000000	0.069756 0.000000 -0.997564
6 1 1.000000 30.900002 0.250000 0.000000 200.000000 -1 -1 -1 -1 10 -1 0 65535 0 0
754.271912 130.967926 -58.999172	752.116394 130.967926 -28.174442
1 -0.997564 0.000000 -0.069756	0 0.000000 0.000000 0.000000

TRIGGER_ELEMENT 5
547.539978 101.110565 36.475037
-0.920505 0.000000 0.390731	0.000000 1.000000 0.000000	-0.390731 0.000000 -0.920505
6 1 1.000000 30.200001 0.250000 0.000000 200.000000 -1 -1 -1 -1 8 -1 0 65535 0 0
541.639954 101.110565 22.575411	553.440002 101.110565 50.374664
1 -0.920509 0.000000 0.390722	0 0.000000 0.000000 0.000000

TRIGGER_ELEMENT 5
350.282166 101.887299 68.688858
-0.766044 0.000000 0.642788	0.000000 1.000000 0.000000	-0.642788 0.000000 -0.766044
6 1 1.000000 25.900002 0.250000 0.000000 200.000000 -1 -1 -1 -1 6 -1 0 65535 0 0
341.958069 101.887299 58.768585	358.606262 101.887299 78.609131
1 -0.766049 0.000000 0.642782	0 0.000000 0.000000 0.000000

TRIGGER_ELEMENT 5
220.825531 115.682396 178.021301
-0.978148 0.000000 -0.207911	0.000000 1.000000 0.000000	0.207911 0.000000 -0.978148
6 1 1.000000 26.400000 0.250000 0.000000 200.000000 -1 -1 -1 -1 4 -1 0 65535 0 0
223.569962 115.682396 165.109756	218.081100 115.682396 190.932846
1 -0.978147 0.000000 -0.207916	0 0.000000 0.000000 0.000000

TRIGGER_ELEMENT 5
-4.922256 96.334290 225.378387
-0.829037 0.000000 0.559193	0.000000 1.000000 0.000000	-0.559193 0.000000 -0.829037
6 1 1.000000 29.699999 0.250000 0.000000 200.000000 -1 -1 -1 -1 2 -1 0 65535 0 0
-13.226272 96.334290 213.067184	3.381759 96.334290 237.689590
1 -0.829039 0.000000 0.559190	0 0.000000 0.000000 0.000000

TRIGGER_ELEMENT 5
-197.630219 72.813019 224.490295
-0.939692 0.000000 0.342020	0.000000 1.000000 0.000000	-0.342020 0.000000 -0.939692
6 1 1.000000 30.700001 0.250000 0.000000 200.000000 -1 -1 -1 -1 0 -1 0 65535 0 0
-202.880234 72.813019 210.066010	-192.380203 72.813019 238.914581
1 -0.939691 0.000000 0.342024	0 0.000000 0.000000 0.000000

CAMERA_ELEMENT 4
419.078857 104.835640 -149.725266
1.000000 0.000000 0.000000	0.000000 1.000000 0.000000	0.000000 0.000000 1.000000
0 0.000000 1
1 1 12 1 0 2.500000 0 45.000000 0.600000
0.000000 0.000000 0.000000
c80
TRIGGER_ELEMENT 5
445.877502 102.006050 -206.286957
-0.342020 0.000000 0.939693	0.000000 1.000000 0.000000	-0.939693 0.000000 -0.342020
6 1 1.000000 19.000000 0.250000 0.000000 200.000000 -1 -1 -1 -1 128 -1 0 65535 0 0
436.950409 102.006050 -209.536148	454.804596 102.006050 -203.037766
1 -0.342010 0.000000 0.939696	0 0.000000 0.000000 0.000000

CAMERA_ELEMENT 4
228.326294 112.337151 -114.423851
1.000000 0.000000 0.000000	0.000000 1.000000 0.000000	0.000000 0.000000 1.000000
0 0.000000 1
1 1 12 1 0 3.000000 0 45.000000 0.600000
0.000000 0.000000 0.000000
c81
TRIGGER_ELEMENT 5
313.371857 104.906494 -136.203461
-0.974370 0.000000 0.224951	0.000000 1.000000 0.000000	-0.224951 0.000000 -0.974370
6 1 1.000000 19.300001 0.250000 0.000000 200.000000 -1 -1 -1 -1 130 -1 0 65535 0 0
311.201080 104.906494 -145.606140	315.542633 104.906494 -126.800789
1 -0.974371 0.000000 0.224946	0 0.000000 0.000000 0.000000

CAMERA_ELEMENT 4
40.090126 108.308800 -193.317902
1.000000 0.000000 0.000000	0.000000 1.000000 0.000000	0.000000 0.000000 1.000000
0 0.000000 1
