TRIGGER_ELEMENT 5
-63.321892 0.000000 -191.343079
0.894827 0.000000 0.446414	0.000000 1.000000 0.000000	0.457510 0.000000 -0.889205
2 1 1.000000 12.000153 0.250000 0.000000 200.000000 -1 -1 -1 -1 -1 -1 0 65535 0 0
-60.576797 0.000000 -196.678375	-66.066986 0.000000 -186.007782
0 0.000000 0.000000 0.000000	0 0.000000 0.000000 0.000000

TRIGGER_ELEMENT 5
-6461.614746 2.478529 -3645.641602
0.914461 0.003863 0.404655	-0.003533 0.999993 -0.001563	0.404628 0.000000 -0.914482
1 1 1.000000 31.457727 0.250000 0.000000 200.000000 -1 -1 -1 -1 -1 -1 0 65535 0 0
-6455.250488 2.478529 -3660.025391	-6467.979004 2.478529 -3631.257813
0 0.000000 0.000000 0.000000	0 0.000000 0.000000 0.000000

GEOM_ELEMENT 5
-6464.427734 2.470614 -3644.347412
0.939687 0.003854 0.342014	-0.003533 0.999992 -0.001563	-0.342018 0.000261 0.939693
0 1213419078 0 0 -1 1 1 100.000000 100.000000 100.000000
Geometry Element
GEOM_ELEMENT 5
-6462.045898 2.470220 -3649.982666
0.927178 0.003861 0.374601	-0.003533 0.999992 -0.001563	-0.374604 0.000126 0.927185
0 1213419078 0 0 -1 1 1 100.000000 100.000000 100.000000
Geometry Element
