TRIGGER_ELEMENT 5
-37.469284 0.000000 -177.216644
-0.857167 0.000000 -0.515038	0.000000 1.000000 0.000000	0.515038 0.000000 -0.857167
2 0 1.000000 3.000000 0.250000 0.000000 200.000000 0 -1 -1 0 -1 -1 0 65535 0 0
-36.696728 0.000000 -178.502396	-38.241840 0.000000 -175.930893
0 0.000000 0.000000 0.000000	1 -0.857164 0.000000 -0.515044
Start
TRIGGER_ELEMENT 5
-4128.239746 -52.614914 -4153.563965
1.000000 0.000000 0.000000	0.000000 1.000000 0.000000	0.000000 0.000000 1.000000
1 1 23.000000 53.000000 0.250000 0.000000 200.000000 2 -1 -1 2 -1 -1 0 1 0 0
-4128.239746 -52.614914 -4127.063965	-4128.239746 -52.614914 -4180.063965
0 0.000000 0.000000 0.000000	0 0.000000 0.000000 0.000000
End
GEOM_ELEMENT 5
-4136.764160 -52.510422 -4156.662598
-0.034897 -0.000839 0.999390	0.011803 0.999929 0.001251	-0.999321 0.011839 -0.034885
1 827806273 0 0 -1 1 1 100.000000 100.000000 100.000000
a1
TRIGGER_ELEMENT 5
-3896.013428 -55.521305 -4175.780273
0.939693 0.000000 -0.342020	0.000000 1.000000 0.000000	0.342020 0.000000 0.939693
0 1 1.000000 26.600002 0.250000 0.000000 200.000000 1 -1 -1 1 -1 2 0 0 0 0
-3891.464600 -55.521305 -4163.282227	-3900.562256 -55.521305 -4188.278320
0 0.000000 0.000000 0.000000	0 0.000000 0.000000 0.000000

GEOM_ELEMENT 5
-5107.107422 0.233010 -3792.677002
0.571626 0.009587 0.820458	0.082405 0.994205 -0.069030	-0.816366 0.107069 0.567523
0 1464094277 0 0 -1 1 1 100.000000 100.000000 100.000000
Geometry Element
GEOM_ELEMENT 5
-5108.355957 -0.098754 -3798.907227
0.542815 0.014299 0.839730	0.081764 0.994206 -0.069783	-0.835862 0.106539 0.538501
0 1464094277 0 0 -1 1 1 100.000000 100.000000 100.000000
Geometry Element
GEOM_ELEMENT 5
25.135717 0.000000 -146.233200
0.544639 0.000000 -0.838670	0.000000 1.000000 0.000000	0.838670 0.000000 0.544639
0 1464094277 0 0 -1 1 1 100.000000 100.000000 100.000000
Geometry Element
GEOM_ELEMENT 5
-3164.099854 -0.438502 -3725.942627
-0.514994 0.001967 0.857192	-0.013167 0.999861 -0.010205	-0.857093 -0.016542 -0.514896
0 1464094277 0 0 -1 1 1 116.000000 116.000000 116.000000
Geometry Element
