TRIGGER_ELEMENT 5
-607.109436 -4.384456 -2483.447510
1.000000 0.000000 0.000000	0.000000 1.000000 0.000000	0.000000 0.000000 1.000000
2 0 1.000000 3.000000 0.250000 0.000000 200.000000 0 -1 -1 0 -1 -1 0 65535 0 0
-607.109436 -4.384456 -2481.947510	-607.109436 -4.384456 -2484.947510
0 0.000000 0.000000 0.000000	2 0.000000 0.000000 -1.000000

TRIGGER_ELEMENT 5
-812.988586 -2.390727 -2785.291748
0.500000 0.000000 0.866025	0.000000 1.000000 0.000000	-0.866025 0.000000 0.500000
0 1 1.000000 28.700001 0.250000 0.000000 200.000000 1 -1 -1 1 -1 2 0 0 0 0
-825.416016 -2.390727 -2778.116699	-800.561157 -2.390727 -2792.466797
0 0.000000 0.000000 0.000000	0 0.000000 0.000000 0.000000

GEOM_ELEMENT 5
-883.294067 -1.687703 -2909.607910
-0.529915 -0.005366 0.848034	0.004470 0.999948 0.009120	-0.848039 0.008624 -0.529864
1 844583489 0 0 -1 1 1 70.000000 70.000000 70.000000
a1
GEOM_ELEMENT 5
-2778.859863 -3.174271 -3798.321289
0.927146 0.002830 -0.374688	-0.008971 0.999852 -0.014648	0.374591 0.016943 0.927035
1 844583489 0 0 -1 1 1 77.000000 77.000000 77.000000
a2
TRIGGER_ELEMENT 5
-3115.294678 -0.398387 -3695.375732
1.000000 0.000000 0.000000	0.000000 1.000000 0.000000	0.000000 0.000000 1.000000
0 1 1.000000 25.900000 0.250000 0.000000 200.000000 3 -1 -1 3 -1 5 0 0 0 0
-3115.294678 -0.398387 -3682.425781	-3115.294678 -0.398387 -3708.325684
0 0.000000 0.000000 0.000000	0 0.000000 0.000000 0.000000

GEOM_ELEMENT 5
-3239.859619 2.566536 -3789.730957
-0.422610 -0.001825 0.906310	0.006081 0.999970 0.004849	-0.906291 0.007561 -0.422586
1 844583489 0 0 -1 0 1 91.000000 91.000000 91.000000
a3
TRIGGER_ELEMENT 5
-3205.606689 -0.780593 -3803.379395
1.000000 0.000000 0.000000	0.000000 1.000000 0.000000	0.000000 0.000000 1.000000
0 0 5.200000 3.000000 0.250000 0.000000 200.000000 5 -1 -1 5 -1 16 0 1 0 0
-3205.606689 -0.780593 -3801.879395	-3205.606689 -0.780593 -3804.879395
0 0.000000 0.000000 0.000000	0 0.000000 0.000000 0.000000
Waypoint Tigger
TRIGGER_ELEMENT 5
-3209.033203 -0.963100 -3756.981445
0.848048 0.000000 0.529919	0.000000 1.000000 0.000000	-0.529919 0.000000 0.848048
0 1 1.000000 22.100000 0.250000 0.000000 200.000000 4 -1 -1 4 -1 8 0 0 0 0
-3214.888916 -0.963100 -3747.610596	-3203.177490 -0.963100 -3766.352295
0 0.000000 0.000000 0.000000	0 0.000000 0.000000 0.000000

GEOM_ELEMENT 5
-3204.933838 2.400223 -3804.708496
0.766032 -0.007434 0.642759	0.005690 0.999972 0.004784	-0.642777 -0.000008 0.766053
1 827806273 0 0 -1 0 1 34.000000 34.000000 34.000000
a4
TRIGGER_ELEMENT 5
-2990.793213 -0.050117 -3664.404541
0.974370 0.000000 0.224951	0.000000 1.000000 0.000000	-0.224951 0.000000 0.974370
0 1 1.000000 24.400000 0.250000 0.000000 200.000000 6 -1 -1 6 -1 10 0 0 0 0
-2993.537598 -0.050117 -3652.517334	-2988.048828 -0.050117 -3676.291748
0 0.000000 0.000000 0.000000	0 0.000000 0.000000 0.000000

GEOM_ELEMENT 5
-2773.769287 -2.946590 -3785.624512
-0.499980 -0.016834 -0.865873	-0.008934 0.999858 -0.014280	0.865991 0.000596 -0.500059
1 844583489 0 0 -1 1 1 76.000000 76.000000 76.000000
a6a
TRIGGER_ELEMENT 5
-848.143799 -0.320116 -3120.094971
0.000000 0.000000 1.000000	0.000000 1.000000 0.000000	-1.000000 0.000000 0.000000
0 1 1.000000 30.900000 0.250000 0.000000 200.000000 7 -1 -1 7 -1 12 0 0 0 0
-863.593811 -0.320116 -3120.094971	-832.693787 -0.320116 -3120.094971
0 0.000000 0.000000 0.000000	0 0.000000 0.000000 0.000000

GEOM_ELEMENT 5
-824.687378 -1.831877 -2927.904541
0.707106 0.001362 -0.707106	0.001689 0.999992 0.003616	0.707106 -0.003751 0.707098
1 844583489 0 0 -1 1 1 75.000000 75.000000 75.000000
a6
TRIGGER_ELEMENT 5
-862.365601 -2.045849 -2857.243164
0.484810 0.000000 0.874620	0.000000 1.000000 0.000000	-0.874620 0.000000 0.484810
0 1 1.000000 26.700001 0.250000 0.000000 200.000000 8 -1 -1 8 -1 15 0 0 0 0
-874.041748 -2.045849 -2850.770996	-850.689453 -2.045849 -2863.715332
0 0.000000 0.000000 0.000000	0 0.000000 0.000000 0.000000

TRIGGER_ELEMENT 5
-605.198181 -4.389120 -2483.840576
1.000000 0.000000 0.000000	0.000000 1.000000 0.000000	0.000000 0.000000 1.000000
1 0 10.300000 3.000000 0.250000 0.000000 200.000000 9 -1 -1 9 -1 -1 0 1 0 0
-605.198181 -4.389120 -2482.340576	-605.198181 -4.389120 -2485.340576
0 0.000000 0.000000 0.000000	0 0.000000 0.000000 0.000000
End
GEOM_ELEMENT 5
-604.573059 -0.456942 -2483.513916
0.999980 -0.000037 0.000000	0.000037 0.999922 -0.011682	0.000000 0.011682 0.999922
1 827806273 0 0 -1 0 1 55.000000 55.000000 55.000000
af
GEOM_ELEMENT 5
-3220.204590 3.878666 -3762.526123
-0.731346 0.006083 -0.681980	0.004602 0.999981 0.003984	0.681991 -0.000225 -0.731360
1 844583489 0 0 -1 1 1 69.000000 69.000000 69.000000
a5
TRIGGER_ELEMENT 5
-2596.645264 1.293727 -3634.337402
0.927184 0.000000 0.374607	0.000000 1.000000 0.000000	-0.374607 0.000000 0.927184
0 1 1.000000 26.100000 0.250000 0.000000 200.000000 2 -1 -1 2 -1 3 0 0 0 0
-2601.533936 1.293727 -3622.237549	-2591.756592 1.293727 -3646.437256
0 0.000000 0.000000 0.000000	0 0.000000 0.000000 0.000000

GEOM_ELEMENT 5
-5224.309570 1.696062 -3736.566650
-0.669130 0.000237 -0.743145	0.000668 1.000000 -0.000283	0.743145 -0.000686 -0.669130
0 1464094277 0 0 -1 1 1 153.000000 153.000000 153.000000
Geometry Element
GEOM_ELEMENT 5
-400.174713 3.929238 -1748.643799
0.965919 0.000177 -0.258843	0.003642 0.999892 0.014275	0.258817 -0.014731 0.965814
0 1464094277 0 0 -1 1 1 122.500000 122.500000 122.500000
Geometry Element
GEOM_ELEMENT 5
-414.746216 3.940809 -1745.736450
0.992539 -0.001875 -0.121908	0.003642 0.999892 0.014275	0.121868 -0.014612 0.992438
0 1464094277 0 0 -1 1 1 122.500000 122.500000 122.500000
Geometry Element
