TRIGGER_ELEMENT 5
-6471.103516 2.435139 -3651.958496
0.914475 0.003863 0.404625	-0.003532 0.999992 -0.001563	0.404628 0.000000 -0.914481
6 1 1.000000 27.582701 0.250000 0.000000 200.000000 -1 -1 -1 -1 1 -1 0 65535 0 0
-6465.522949 2.435139 -3664.570313	-6476.684082 2.435139 -3639.346680
1 0.914518 0.003863 0.404527	0 0.000000 0.000000 0.000000

CAMERA_ELEMENT 4
-6429.180176 6.358840 -3636.789063
-0.208108 0.001817 0.978105	-0.067836 0.997564 -0.016286	-0.975751 -0.069740 -0.207478
0 0.000000 1
1 1 12 0 1 3.000000 1 11.000000 0.600000
0.000000 0.000000 0.000000
c 1
TRIGGER_ELEMENT 5
-6382.606934 2.677923 -3617.720703
0.992546 0.000000 0.121869	0.000000 1.000000 0.000000	-0.121869 0.000000 0.992546
6 1 1.000000 20.000000 0.250000 0.000000 200.000000 -1 -1 -1 -1 1 -1 0 65535 0 0
-6383.825684 2.677923 -3607.795166	-6381.388184 2.677923 -3627.646240
2 -0.992553 0.000000 -0.121811	0 0.000000 0.000000 0.000000

TRIGGER_ELEMENT 5
-6376.904785 2.907891 -3623.315918
0.998630 0.000000 0.052336	0.000000 1.000000 0.000000	-0.052336 0.000000 0.998630
6 1 1.000000 34.200001 0.250000 0.000000 200.000000 -1 -1 -1 -1 4 -1 0 65535 0 0
-6377.799805 2.907891 -3606.239258	-6376.009766 2.907891 -3640.392578
1 0.998634 0.000000 0.052251	0 0.000000 0.000000 0.000000

CAMERA_ELEMENT 4
-6212.501465 5.247079 -3621.617920
1.000000 0.000000 0.000000	0.000000 1.000000 0.000000	0.000000 0.000000 1.000000
1 5.000000 1
1 1 12 1 0 3.000000 0 45.000000 0.600000
0.000000 0.000000 0.000000
c2
TRIGGER_ELEMENT 5
-6045.420898 7.051637 -3637.011230
0.927184 0.000000 -0.374607	0.000000 1.000000 0.000000	0.374607 0.000000 0.927184
6 1 1.000000 28.799999 0.250000 0.000000 200.000000 -1 -1 -1 -1 4 -1 0 65535 0 0
-6040.026367 7.051637 -3623.659668	-6050.815430 7.051637 -3650.362793
2 -0.927226 0.000000 0.374503	0 0.000000 0.000000 0.000000

CAMERA_ELEMENT 4
-5912.452148 4.721005 -3710.112305
-0.095709 -0.239616 -0.966139	-0.747754 0.657968 -0.089110	0.657041 0.713906 -0.242148
0 0.000000 1
1 1 12 0 0 3.000000 1 10.000000 0.600000
0.000000 0.000000 0.000000
c3
TRIGGER_ELEMENT 5
-6053.731445 6.881105 -3633.235352
0.970296 0.000000 -0.241922	0.000000 1.000000 0.000000	0.241922 0.000000 0.970296
6 1 1.000000 29.000000 0.250000 0.000000 200.000000 -1 -1 -1 -1 6 -1 0 65535 0 0
-6050.223633 6.881105 -3619.166016	-6057.239258 6.881105 -3647.304688
1 0.970286 0.000000 -0.241961	0 0.000000 0.000000 0.000000

TRIGGER_ELEMENT 5
-5909.231934 2.970820 -3720.593262
0.838671 0.000000 -0.544639	0.000000 1.000000 0.000000	0.544639 0.000000 0.838671
6 1 1.000000 25.200001 0.250000 0.000000 200.000000 -1 -1 -1 -1 9 -1 0 65535 0 0
-5902.369629 2.970820 -3710.026123	-5916.094238 2.970820 -3731.160400
1 0.838711 0.000000 -0.544576	0 0.000000 0.000000 0.000000

CAMERA_ELEMENT 4
-5902.377930 10.388700 -3713.955566
0.851390 -0.212907 -0.479381	0.196133 0.976842 -0.085508	0.486485 -0.021222 0.873431
0 0.000000 1
1 1 10 1 0 3.000000 0 45.000000 1.000000
-4.000000 0.000000 1.000000
c4
TRIGGER_ELEMENT 5
-5797.547363 -1.917330 -3786.591797
0.866025 0.000000 -0.500000	0.000000 1.000000 0.000000	0.500000 0.000000 0.866025
6 1 1.000000 18.500000 0.250000 0.000000 200.000000 -1 -1 -1 -1 11 -1 0 65535 0 0
-5792.922363 -1.917330 -3778.581055	-5802.172363 -1.917330 -3794.602539
1 0.866072 0.000000 -0.499920	0 0.000000 0.000000 0.000000

CAMERA_ELEMENT 4
-5736.049805 18.499872 -3805.644287
1.000000 0.000000 0.000000	0.000000 1.000000 0.000000	0.000000 0.000000 1.000000
0 0.000000 1
1 1 12 0 0 3.000000 1 20.000000 0.600000
0.000000 0.000000 0.000000
c5
TRIGGER_ELEMENT 5
-5640.177734 3.439350 -3796.392090
0.951056 0.000000 0.309017	0.000000 1.000000 0.000000	-0.309017 0.000000 0.951056
6 1 1.000000 20.799999 0.250000 0.000000 200.000000 -1 -1 -1 -1 13 -1 0 65535 0 0
-5643.391602 3.439350 -3786.501221	-5636.963867 3.439350 -3806.282959
1 0.951048 0.000000 0.309042	0 0.000000 0.000000 0.000000

CAMERA_ELEMENT 4
-5565.671875 16.250517 -3780.377930
1.000000 0.000000 0.000000	0.000000 1.000000 0.000000	0.000000 0.000000 1.000000
0 0.000000 1
1 1 12 1 0 2.500000 0 45.000000 0.600000
0.000000 0.000000 0.000000
c6
TRIGGER_ELEMENT 5
-5429.516113 1.815702 -3713.272461
0.965926 0.000000 0.258819	0.000000 1.000000 0.000000	-0.258819 0.000000 0.965926
6 1 1.000000 25.200001 0.250000 0.000000 200.000000 -1 -1 -1 -1 13 -1 0 65535 0 0
-5432.777344 1.815702 -3701.101807	-5426.254883 1.815702 -3725.443115
2 -0.965926 0.000000 -0.258817	0 0.000000 0.000000 0.000000

TRIGGER_ELEMENT 5
-5413.501465 1.810227 -3712.283936
0.992546 0.000000 0.121869	0.000000 1.000000 0.000000	-0.121869 0.000000 0.992546
6 1 1.000000 22.000000 0.250000 0.000000 200.000000 -1 -1 -1 -1 16 -1 0 65535 0 0
-5414.841797 1.810227 -3701.365967	-5412.161133 1.810227 -3723.201904
1 0.992553 0.000000 0.121811	0 0.000000 0.000000 0.000000

CAMERA_ELEMENT 4
-5363.662109 6.133429 -3720.819336
1.000000 0.000000 0.000000	0.000000 1.000000 0.000000	0.000000 0.000000 1.000000
0 0.000000 1
1 1 11 1 0 4.000000 0 45.000000 0.600000
0.000000 0.000000 0.000000
c7
CAMERA_ELEMENT 4
-5257.638672 8.323911 -3718.327881
0.541595 0.049406 0.839187	-0.035819 0.998721 -0.035681	-0.839876 -0.010734 0.542672
0 0.000000 1
1 1 12 0 0 3.000000 1 20.000000 0.600000
0.000000 0.000000 0.000000
c8
TRIGGER_ELEMENT 5
-5261.614746 1.717604 -3721.504639
0.974370 0.000000 -0.224951	0.000000 1.000000 0.000000	0.224951 0.000000 0.974370
6 1 1.000000 18.500000 0.250000 0.000000 200.000000 -1 -1 -1 -1 17 -1 0 65535 0 0
-5259.534180 1.717604 -3712.491699	-5263.695313 1.717604 -3730.517578
1 0.974404 0.000000 -0.224806	0 0.000000 0.000000 0.000000

TRIGGER_ELEMENT 5
-5101.007813 -0.940376 -3802.010742
0.798636 0.000000 -0.601815	0.000000 1.000000 0.000000	0.601815 0.000000 0.798636
6 1 1.000000 19.700001 0.250000 0.000000 200.000000 -1 -1 -1 -1 20 -1 0 65535 0 0
-5095.080078 -0.940376 -3794.144287	-5106.935547 -0.940376 -3809.877197
1 0.798709 0.000000 -0.601717	0 0.000000 0.000000 0.000000

CAMERA_ELEMENT 4
-4991.483398 -4.276711 -3863.016357
1.000000 0.000000 0.000000	0.000000 1.000000 0.000000	0.000000 0.000000 1.000000
0 0.000000 1
1 1 12 0 0 3.000000 1 12.000000 0.600000
0.000000 0.000000 0.000000
c9
TRIGGER_ELEMENT 5
-4980.095215 -10.502323 -3922.177979
0.731354 0.000000 -0.681998	0.000000 1.000000 0.000000	0.681998 0.000000 0.731354
6 1 1.000000 19.100000 0.250000 0.000000 200.000000 -1 -1 -1 -1 22 -1 0 65535 0 0
-4973.582031 -10.502323 -3915.193604	-4986.608398 -10.502323 -3929.162354
1 0.731453 0.000000 -0.681892	0 0.000000 0.000000 0.000000

CAMERA_ELEMENT 4
-4932.410645 -7.261092 -3971.979492
1.000000 0.000000 0.000000	0.000000 1.000000 0.000000	0.000000 0.000000 1.000000
0 0.000000 1
1 1 12 1 0 3.000000 0 45.000000 0.600000
0.000000 0.000000 0.000000
c10
TRIGGER_ELEMENT 5
-4807.738770 -21.471096 -4034.724121
0.438371 0.000000 -0.898794	0.000000 1.000000 0.000000	0.898794 0.000000 0.438371
6 1 1.000000 42.599998 0.250000 0.000000 200.000000 -1 -1 -1 -1 24 -1 0 65535 0 0
-4788.594238 -21.471096 -4025.386719	-4826.883301 -21.471096 -4044.061523
1 0.438501 0.000000 -0.898731	0 0.000000 0.000000 0.000000

CAMERA_ELEMENT 4
-4796.155762 -26.249577 -4102.112793
1.000000 0.000000 0.000000	0.000000 1.000000 0.000000	0.000000 0.000000 1.000000
1 7.000000 1
1 1 12 1 0 4.000000 0 45.000000 0.600000
0.000000 0.000000 0.000000
c11
TRIGGER_ELEMENT 5
-4768.054199 -42.037582 -4221.262695
0.642788 0.000000 -0.766044	0.000000 1.000000 0.000000	0.766044 0.000000 0.642788
6 1 1.000000 31.100000 0.250000 0.000000 200.000000 -1 -1 -1 -1 26 -1 0 65535 0 0
-4756.142090 -42.037582 -4211.267578	-4779.966309 -42.037582 -4231.257813
1 0.642631 0.000000 -0.766176	0 0.000000 0.000000 0.000000

CAMERA_ELEMENT 4
-4657.990234 -46.634785 -4288.499023
1.000000 0.000000 0.000000	0.000000 1.000000 0.000000	0.000000 0.000000 1.000000
0 0.000000 1
1 1 12 0 0 3.000000 1 20.000000 0.600000
0.000000 0.000000 0.000000
c12
CAMERA_ELEMENT 4
-4456.004395 -46.141705 -4164.971191
1.000000 0.000000 0.000000	0.000000 1.000000 0.000000	0.000000 0.000000 1.000000
1 4.000000 1
1 1 12 1 0 5.000000 0 20.000000 0.600000
0.000000 0.000000 0.000000
c13
TRIGGER_ELEMENT 5
-4529.834473 -47.906998 -4197.424805
0.978148 0.000000 0.207912	0.000000 1.000000 0.000000	-0.207912 0.000000 0.978148
6 1 1.000000 40.300003 0.250000 0.000000 200.000000 -1 -1 -1 -1 27 -1 0 65535 0 0
-4534.023926 -47.906998 -4177.715332	-4525.645020 -47.906998 -4217.134277
1 0.978123 0.000000 0.208028	0 0.000000 0.000000 0.000000

CAMERA_ELEMENT 4
-4164.460449 -48.013687 -4135.516113
1.000000 0.000000 0.000000	0.000000 1.000000 0.000000	0.000000 0.000000 1.000000
0 7.000000 1
1 1 12 1 0 5.000000 0 20.000000 0.600000
0.000000 0.000000 0.000000
c14
TRIGGER_ELEMENT 5
-4275.124023 -50.864910 -4166.538574
0.990268 0.000000 0.139173	0.000000 1.000000 0.000000	-0.139173 0.000000 0.990268
6 1 1.000000 50.599998 0.250000 0.000000 200.000000 -1 -1 -1 -1 29 -1 0 0 0 0
-4278.645020 -50.864910 -4141.484863	-4271.603027 -50.864910 -4191.592285
1 0.990269 0.000000 0.139165	0 0.000000 0.000000 0.000000
Replay Camera Trigger
CAMERA_ELEMENT 4
-3881.740479 -53.887432 -4195.750488
1.000000 0.000000 0.000000	0.000000 1.000000 0.000000	0.000000 0.000000 1.000000
0 0.000000 1
1 1 12 1 0 2.000000 0 45.000000 0.600000
0.000000 0.000000 0.000000
c15
TRIGGER_ELEMENT 5
-3987.275879 -54.218266 -4147.350098
1.000000 0.000000 0.000000	0.000000 1.000000 0.000000	0.000000 0.000000 1.000000
6 1 1.000000 31.800001 0.250000 0.000000 200.000000 -1 -1 -1 -1 31 -1 0 65535 0 0
-3987.275879 -54.218266 -4131.450195	-3987.275879 -54.218266 -4163.250000
1 1.000000 0.000000 0.000000	0 0.000000 0.000000 0.000000

TRIGGER_ELEMENT 5
-3705.537598 -55.269726 -4171.548340
0.992546 0.000000 0.121869	0.000000 1.000000 0.000000	-0.121869 0.000000 0.992546
6 1 1.000000 19.299999 0.250000 0.000000 200.000000 -1 -1 -1 -1 113 -1 0 65535 0 0
-3706.713623 -55.269726 -4161.970215	-3704.361572 -55.269726 -4181.126465
1 0.992520 0.000000 0.122081	0 0.000000 0.000000 0.000000

TRIGGER_ELEMENT 5
-3254.105713 -51.390598 -4038.188477
0.681998 0.000000 0.731354	0.000000 1.000000 0.000000	-0.731354 0.000000 0.681998
6 1 1.000000 19.700001 0.250000 0.000000 200.000000 -1 -1 -1 -1 35 -1 0 65535 0 0
-3261.309570 -51.390598 -4031.470703	-3246.901855 -51.390598 -4044.906250
1 0.681892 0.000000 0.731453	0 0.000000 0.000000 0.000000

CAMERA_ELEMENT 4
-3174.231934 -38.202309 -3956.963135
1.000000 0.000000 0.000000	0.000000 1.000000 0.000000	0.000000 0.000000 1.000000
0 0.000000 1
1 1 12 1 0 2.000000 0 45.000000 0.600000
0.000000 0.000000 0.000000
c17
TRIGGER_ELEMENT 5
-2999.131592 -29.528906 -3979.902588
0.992546 0.000000 0.121869	0.000000 1.000000 0.000000	-0.121869 0.000000 0.992546
6 1 1.000000 26.700001 0.250000 0.000000 200.000000 -1 -1 -1 -1 37 -1 0 65535 0 0
-3000.758545 -29.528906 -3966.652100	-2997.504639 -29.528906 -3993.153076
1 0.992550 0.000000 0.121841	0 0.000000 0.000000 0.000000

CAMERA_ELEMENT 4
-2880.636963 -11.074882 -3958.838379
1.000000 0.000000 0.000000	0.000000 1.000000 0.000000	0.000000 0.000000 1.000000
1 8.000000 1
1 1 12 0 0 3.000000 1 15.000000 0.600000
0.000000 0.000000 0.000000
c18
CAMERA_ELEMENT 4
-2730.165039 2.807533 -3734.781494
1.000000 0.000000 0.000000	0.000000 1.000000 0.000000	0.000000 0.000000 1.000000
0 0.000000 1
1 1 12 1 0 3.000000 0 45.000000 0.600000
0.000000 0.000000 0.000000
c20
TRIGGER_ELEMENT 5
-2853.362061 -2.471473 -3733.112061
0.891007 0.000000 -0.453990	0.000000 1.000000 0.000000	0.453990 0.000000 0.891007
6 1 1.000000 18.500000 0.250000 0.000000 200.000000 -1 -1 -1 -1 38 -1 0 65535 0 0
-2849.162598 -2.471473 -3724.870361	-2857.561523 -2.471473 -3741.353760
1 0.890984 0.000000 -0.454035	0 0.000000 0.000000 0.000000

TRIGGER_ELEMENT 5
-2813.781738 -4.445653 -3858.437500
0.469472 0.000000 0.882947	0.000000 1.000000 0.000000	-0.882947 0.000000 0.469472
6 1 1.000000 19.100000 0.250000 0.000000 200.000000 -1 -1 -1 -1 38 -1 0 65535 0 0
-2822.213867 -4.445653 -3853.954102	-2805.349609 -4.445653 -3862.920898
1 0.469435 0.000000 0.882967	0 0.000000 0.000000 0.000000

TRIGGER_ELEMENT 5
-2683.576660 -1.197916 -3677.851318
0.819152 0.000000 0.573576	0.000000 1.000000 0.000000	-0.573576 0.000000 0.819152
6 1 1.000000 23.200001 0.250000 0.000000 200.000000 -1 -1 -1 -1 42 -1 0 65535 0 0
-2690.230225 -1.197916 -3668.349121	-2676.923096 -1.197916 -3687.353516
1 0.819175 0.000000 0.573544	0 0.000000 0.000000 0.000000

CAMERA_ELEMENT 4
-2424.266602 9.176666 -3569.085938
1.000000 0.000000 0.000000	0.000000 1.000000 0.000000	0.000000 0.000000 1.000000
0 0.000000 1
1 1 12 1 0 3.000000 0 45.000000 0.600000
0.000000 0.000000 0.000000
c21
TRIGGER_ELEMENT 5
-2256.359619 8.338264 -3568.101563
1.000000 0.000000 0.000000	0.000000 1.000000 0.000000	0.000000 0.000000 1.000000
6 1 1.000000 35.099998 0.250000 0.000000 200.000000 -1 -1 -1 -1 44 -1 0 65535 0 0
-2256.359619 8.338264 -3550.551514	-2256.359619 8.338264 -3585.651611
1 1.000000 0.000000 0.000000	0 0.000000 0.000000 0.000000

CAMERA_ELEMENT 4
-2062.322754 16.583965 -3574.941406
1.000000 0.000000 0.000000	0.000000 1.000000 0.000000	0.000000 0.000000 1.000000
0 0.000000 1
1 1 12 1 0 2.000000 0 45.000000 0.600000
0.000000 0.000000 0.000000
c22
TRIGGER_ELEMENT 5
-1976.895630 18.386723 -3562.887939
1.000000 0.000000 0.000000	0.000000 1.000000 0.000000	0.000000 0.000000 1.000000
6 1 1.000000 23.500000 0.250000 0.000000 200.000000 -1 -1 -1 -1 46 -1 0 65535 0 0
-1976.895630 18.386723 -3551.137939	-1976.895630 18.386723 -3574.637939
1 1.000000 0.000000 0.000000	0 0.000000 0.000000 0.000000

CAMERA_ELEMENT 4
-1884.033569 18.642801 -3558.081543
1.000000 0.000000 0.000000	0.000000 1.000000 0.000000	0.000000 0.000000 1.000000
0 0.000000 1
1 1 12 0 0 3.000000 1 20.000000 0.600000
0.000000 0.000000 0.000000
c23
TRIGGER_ELEMENT 5
-1847.093872 17.324072 -3562.264160
1.000000 0.000000 0.000000	0.000000 1.000000 0.000000	0.000000 0.000000 1.000000
6 1 1.000000 24.500000 0.250000 0.000000 200.000000 -1 -1 -1 -1 48 -1 0 65535 0 0
-1847.093872 17.324072 -3550.014160	-1847.093872 17.324072 -3574.514160
1 1.000000 0.000000 0.000000	0 0.000000 0.000000 0.000000

CAMERA_ELEMENT 4
-1809.225220 20.628893 -3572.462891
1.000000 0.000000 0.000000	0.000000 1.000000 0.000000	0.000000 0.000000 1.000000
0 0.000000 1
1 1 12 1 0 3.000000 0 45.000000 0.600000
0.000000 0.000000 0.000000
c24
TRIGGER_ELEMENT 5
-1728.103516 15.806060 -3559.237793
0.999391 0.000000 0.034899	0.000000 1.000000 0.000000	-0.034899 0.000000 0.999391
6 1 1.000000 22.500000 0.250000 0.000000 200.000000 -1 -1 -1 -1 50 -1 0 65535 0 0
-1728.496094 15.806060 -3547.994629	-1727.710938 15.806060 -3570.480957
1 0.999390 0.000000 0.034912	0 0.000000 0.000000 0.000000

CAMERA_ELEMENT 4
-1421.839478 9.339329 -3549.839111
1.000000 0.000000 0.000000	0.000000 1.000000 0.000000	0.000000 0.000000 1.000000
0 0.000000 1
1 1 12 1 0 2.500000 0 45.000000 0.600000
0.000000 0.000000 0.000000
c25
CAMERA_ELEMENT 4
-1185.471436 10.411210 -3658.660156
1.000000 0.000000 0.000000	0.000000 1.000000 0.000000	0.000000 0.000000 1.000000
1 8.000000 1
1 1 12 0 0 3.000000 1 10.000000 0.600000
0.000000 0.000000 0.000000
c26
TRIGGER_ELEMENT 5
-1327.380981 9.334958 -3640.397217
0.838670 0.000000 -0.544639	0.000000 1.000000 0.000000	0.544639 0.000000 0.838670
6 1 1.000000 50.400005 0.250000 0.000000 200.000000 -1 -1 -1 -1 51 -1 0 65535 0 0
-1313.656006 9.334958 -3619.262695	-1341.105957 9.334958 -3661.531738
1 0.838639 0.000000 -0.544688	0 0.000000 0.000000 0.000000

TRIGGER_ELEMENT 5
-1021.234741 8.000636 -3539.150146
0.275637 0.000000 0.961262	0.000000 1.000000 0.000000	-0.961262 0.000000 0.275637
6 1 1.000000 33.299999 0.250000 0.000000 200.000000 -1 -1 -1 -1 54 -1 0 65535 0 0
-1037.239746 8.000636 -3534.560791	-1005.229736 8.000636 -3543.739502
1 0.275656 0.000000 0.961256	0 0.000000 0.000000 0.000000

CAMERA_ELEMENT 4
-993.411743 11.976686 -3433.520752
1.000000 0.000000 0.000000	0.000000 1.000000 0.000000	0.000000 0.000000 1.000000
0 0.000000 1
1 1 12 1 0 3.500000 0 45.000000 0.600000
0.000000 0.000000 0.000000
c27
TRIGGER_ELEMENT 5
-905.076294 4.469782 -3359.872070
0.719340 0.000000 0.694658	0.000000 1.000000 0.000000	-0.694658 0.000000 0.719340
6 1 1.000000 30.900000 0.250000 0.000000 200.000000 -1 -1 -1 -1 56 -1 0 65535 0 0
-915.808777 4.469782 -3348.758301	-894.343811 4.469782 -3370.985840
1 0.719389 0.000000 0.694608	0 0.000000 0.000000 0.000000

CAMERA_ELEMENT 4
-837.708923 4.246286 -3271.640381
1.000000 0.000000 0.000000	0.000000 1.000000 0.000000	0.000000 0.000000 1.000000
0 0.000000 1
1 1 12 0 0 3.000000 1 10.000000 0.600000
0.000000 0.000000 0.000000
c28
CAMERA_ELEMENT 4
-852.875305 1.801856 -2989.548584
1.000000 0.000000 0.000000	0.000000 1.000000 0.000000	0.000000 0.000000 1.000000
0 0.000000 1
1 1 12 1 0 3.500000 0 45.000000 0.600000
0.000000 0.000000 0.000000
c29
TRIGGER_ELEMENT 5
-846.940186 0.427098 -3186.720947
0.052336 0.000000 0.998630	0.000000 1.000000 0.000000	-0.998630 0.000000 0.052336
6 1 1.000000 30.500000 0.250000 0.000000 200.000000 -1 -1 -1 -1 57 -1 0 65535 0 0
-862.169312 0.427098 -3185.922852	-831.711060 0.427098 -3187.519043
1 0.052312 0.000000 0.998631	0 0.000000 0.000000 0.000000

TRIGGER_ELEMENT 5
-758.336182 -2.604228 -2830.140625
0.587785 0.000000 0.809017	0.000000 1.000000 0.000000	-0.809017 0.000000 0.587785
6 1 1.000000 41.200001 0.250000 0.000000 200.000000 -1 -1 -1 -1 60 -1 0 65535 0 0
-775.001953 -2.604228 -2818.032227	-741.670410 -2.604228 -2842.249023
1 0.587743 0.000000 0.809047	0 0.000000 0.000000 0.000000

CAMERA_ELEMENT 4
-554.134949 -2.161748 -2655.142578
1.000000 0.000000 0.000000	0.000000 1.000000 0.000000	0.000000 0.000000 1.000000
0 0.000000 1
1 1 12 1 0 4.000000 0 45.000000 0.600000
0.000000 0.000000 0.000000
c30
TRIGGER_ELEMENT 5
-534.097778 -4.207064 -2490.895020
-0.241922 0.000000 0.970296	0.000000 1.000000 0.000000	-0.970296 0.000000 -0.241922
6 1 1.000000 31.100000 0.250000 0.000000 200.000000 -1 -1 -1 -1 62 -1 0 65535 0 0
-549.185852 -4.207064 -2494.656982	-519.009705 -4.207064 -2487.133057
1 -0.241961 0.000000 0.970286	0 0.000000 0.000000 0.000000

CAMERA_ELEMENT 4
-555.113403 1.439454 -2235.581299
0.998520 -0.013546 0.052673	0.016173 0.998630 -0.049774	-0.051927 0.050553 0.997370
0 0.000000 1
1 1 12 0 0 3.000000 1 30.000000 0.600000
0.000000 0.000000 0.000000
c31
CAMERA_ELEMENT 4
-475.563385 11.083437 -1859.243530
1.000000 0.000000 0.000000	0.000000 1.000000 0.000000	0.000000 0.000000 1.000000
0 0.000000 1
1 1 12 1 0 4.000000 0 45.000000 0.600000
0.000000 0.000000 0.000000
c32
TRIGGER_ELEMENT 5
-572.757019 -0.177381 -2098.822754
-0.034899 0.000000 0.999391	0.000000 1.000000 0.000000	-0.999391 0.000000 -0.034899
6 1 1.000000 40.400002 0.250000 0.000000 200.000000 -1 -1 -1 -1 63 -1 0 0 0 0
-592.944702 -0.177381 -2099.527832	-552.569336 -0.177381 -2098.117676
1 -0.034908 0.000000 0.999391	0 0.000000 0.000000 0.000000
Replay Camera Trigger
CAMERA_ELEMENT 4
-403.959686 8.527224 -1777.988770
1.000000 0.000000 0.000000	0.000000 1.000000 0.000000	0.000000 0.000000 1.000000
0 0.000000 1
1 1 12 1 0 2.000000 0 45.000000 0.600000
0.000000 0.000000 0.000000
c33
TRIGGER_ELEMENT 5
-457.115234 5.436637 -1852.135620
0.544639 0.000000 0.838671	0.000000 1.000000 0.000000	-0.838671 0.000000 0.544639
6 1 1.000000 31.200001 0.250000 0.000000 200.000000 -1 -1 -1 -1 65 -1 0 65535 0 0
-470.198486 5.436637 -1843.639282	-444.031982 5.436637 -1860.631958
1 0.544667 0.000000 0.838653	0 0.000000 0.000000 0.000000

TRIGGER_ELEMENT 5
-356.930725 0.812258 -1566.765625
0.275637 0.000000 0.961262	0.000000 1.000000 0.000000	-0.961262 0.000000 0.275637
6 1 1.000000 28.700001 0.250000 0.000000 200.000000 -1 -1 -1 -1 68 -1 0 65535 0 0
-370.724823 0.812258 -1562.810181	-343.136627 0.812258 -1570.721069
1 0.275624 0.000000 0.961266	0 0.000000 0.000000 0.000000

CAMERA_ELEMENT 4
-257.530640 3.146846 -1455.883423
1.000000 0.000000 0.000000	0.000000 1.000000 0.000000	0.000000 0.000000 1.000000
1 15.000000 1
1 1 12 0 0 3.000000 1 30.000000 1.000000
0.000000 0.000000 0.000000
c34
TRIGGER_ELEMENT 5
-116.405350 0.000000 -1365.105713
0.544639 0.000000 0.838671	0.000000 1.000000 0.000000	-0.838671 0.000000 0.544639
6 1 1.000000 35.099998 0.250000 0.000000 200.000000 -1 -1 -1 -1 70 -1 0 65535 0 0
-131.124023 0.000000 -1355.547241	-101.686684 0.000000 -1374.664185
1 0.544661 0.000000 0.838656	0 0.000000 0.000000 0.000000

CAMERA_ELEMENT 4
-62.400551 5.549938 -1207.763794
1.000000 0.000000 0.000000	0.000000 1.000000 0.000000	0.000000 0.000000 1.000000
0 0.000000 1
1 1 12 1 0 5.000000 0 45.000000 0.600000
0.000000 0.000000 0.000000
c35
TRIGGER_ELEMENT 5
-66.123413 0.000000 -1203.299683
-0.224951 0.000000 0.974370	0.000000 1.000000 0.000000	-0.974370 0.000000 -0.224951
6 1 1.000000 36.400002 0.250000 0.000000 200.000000 -1 -1 -1 -1 72 -1 0 65535 0 0
-83.856949 0.000000 -1207.393799	-48.389877 0.000000 -1199.205566
1 -0.224954 0.000000 0.974369	0 0.000000 0.000000 0.000000

CAMERA_ELEMENT 4
-63.900330 3.399370 -1196.598145
1.000000 0.000000 0.000000	0.000000 1.000000 0.000000	0.000000 0.000000 1.000000
0 0.000000 1
1 1 11 0 0 3.000000 0 45.000000 0.900000
0.000000 0.000000 0.000000
c36
TRIGGER_ELEMENT 5
-118.695541 0.000000 -863.749390
0.087156 0.000000 0.996195	0.000000 1.000000 0.000000	-0.996195 0.000000 0.087156
6 1 1.000000 27.700001 0.250000 0.000000 200.000000 -1 -1 -1 -1 74 -1 0 65535 0 0
-132.492844 0.000000 -862.542297	-104.898247 0.000000 -864.956482
1 0.087156 0.000000 0.996195	0 0.000000 0.000000 0.000000

CAMERA_ELEMENT 4
-201.364014 4.530193 -655.208679
1.000000 0.000000 0.000000	0.000000 1.000000 0.000000	0.000000 0.000000 1.000000
0 0.000000 1
1 1 12 1 0 3.000000 0 45.000000 0.600000
0.000000 0.000000 0.000000
c37
TRIGGER_ELEMENT 5
-232.391663 -3.846130 -502.391357
0.390731 0.000000 0.920505	0.000000 1.000000 0.000000	-0.920505 0.000000 0.390731
6 1 1.000000 19.200001 0.250000 0.000000 200.000000 -1 -1 -1 -1 76 -1 0 65535 0 0
-241.228516 -3.846130 -498.640350	-223.554810 -3.846130 -506.142365
1 0.390733 0.000000 0.920504	0 0.000000 0.000000 0.000000

CAMERA_ELEMENT 4
-190.272018 3.321186 -439.076324
1.000000 0.000000 0.000000	0.000000 1.000000 0.000000	0.000000 0.000000 1.000000
1 5.000000 1
1 1 12 0 0 3.000000 1 20.000000 0.600000
0.000000 0.000000 0.000000
c38
TRIGGER_ELEMENT 5
-187.701172 0.089306 -307.313110
0.207912 0.000000 0.978148	0.000000 1.000000 0.000000	-0.978148 0.000000 0.207912
6 1 1.000000 19.200001 0.250000 0.000000 200.000000 -1 -1 -1 -1 78 -1 0 65535 0 0
-197.091385 0.089306 -305.317169	-178.310959 0.089306 -309.309052
1 0.207916 0.000000 0.978147	0 0.000000 0.000000 0.000000

CAMERA_ELEMENT 4
-141.297729 6.126654 -227.287323
1.000000 0.000000 0.000000	0.000000 1.000000 0.000000	0.000000 0.000000 1.000000
1 7.000000 1
1 1 12 1 2 3.000000 0 45.000000 0.600000
0.000000 0.000000 0.000000
c39
TRIGGER_ELEMENT 5
-27.448679 0.000000 -172.225220
0.920505 0.000000 0.390731	0.000000 1.000000 0.000000	-0.390731 0.000000 0.920505
6 1 1.000000 12.700000 0.250000 0.000000 200.000000 -1 -1 -1 -1 78 -1 0 65535 0 0
-29.929821 0.000000 -166.380020	-24.967537 0.000000 -178.070419
2 -0.920505 0.000000 -0.390731	0 0.000000 0.000000 0.000000

TRIGGER_ELEMENT 5
-150.887039 0.000000 -241.807388
0.798635 0.000000 0.601815	0.000000 1.000000 0.000000	-0.601815 0.000000 0.798635
6 1 1.000000 24.000000 0.250000 0.000000 200.000000 -1 -1 -1 -1 76 -1 0 65535 0 0
-158.108826 0.000000 -232.223755	-143.665253 0.000000 -251.391022
2 -0.798630 0.000000 -0.601822	0 0.000000 0.000000 0.000000

TRIGGER_ELEMENT 5
-246.999023 -3.958034 -509.104065
0.292372 0.000000 0.956305	0.000000 1.000000 0.000000	-0.956305 0.000000 0.292372
6 1 1.000000 42.200001 0.250000 0.000000 200.000000 -1 -1 -1 -1 74 -1 0 65535 0 0
-267.177063 -3.958034 -502.935028	-226.820999 -3.958034 -515.273132
2 -0.292375 0.000000 -0.956304	0 0.000000 0.000000 0.000000

TRIGGER_ELEMENT 5
-119.050339 0.000000 -823.001404
0.000000 0.000000 1.000000	0.000000 1.000000 0.000000	-1.000000 0.000000 0.000000
6 1 1.000000 35.099998 0.250000 0.000000 200.000000 -1 -1 -1 -1 83 -1 0 65535 0 0
-136.600342 0.000000 -823.001404	-101.500336 0.000000 -823.001404
2 0.000000 0.000000 -1.000000	0 0.000000 0.000000 0.000000

CAMERA_ELEMENT 4
-109.062531 5.497536 -894.441223
1.000000 0.000000 0.000000	0.000000 1.000000 0.000000	0.000000 0.000000 1.000000
1 7.000000 1
1 1 12 1 0 3.000000 0 25.000000 0.600000
0.000000 0.000000 0.000000
c40
TRIGGER_ELEMENT 5
-118.310196 0.000000 -1069.472534
-0.309017 0.000000 0.951057	0.000000 1.000000 0.000000	-0.951057 0.000000 -0.309017
6 1 1.000000 33.200001 0.250000 0.000000 200.000000 -1 -1 -1 -1 70 -1 0 65535 0 0
-134.097748 0.000000 -1074.602173	-102.522652 0.000000 -1064.342896
2 0.309016 0.000000 -0.951057	0 0.000000 0.000000 0.000000

TRIGGER_ELEMENT 5
-89.005264 0.000000 -1322.037109
0.529919 0.000000 0.848048	0.000000 1.000000 0.000000	-0.848048 0.000000 0.529919
6 1 1.000000 27.299999 0.250000 0.000000 200.000000 -1 -1 -1 -1 68 -1 0 65535 0 0
-100.581116 0.000000 -1314.803711	-77.429413 0.000000 -1329.270508
2 -0.529933 0.000000 -0.848039	0 0.000000 0.000000 0.000000

TRIGGER_ELEMENT 5
-359.386963 0.920568 -1573.136353
0.258819 0.000000 0.965926	0.000000 1.000000 0.000000	-0.965926 0.000000 0.258819
6 1 1.000000 30.200001 0.250000 0.000000 200.000000 -1 -1 -1 -1 65 -1 0 65535 0 0
-373.972443 0.920568 -1569.228149	-344.801483 0.920568 -1577.044556
2 -0.258815 0.000000 -0.965927	0 0.000000 0.000000 0.000000

TRIGGER_ELEMENT 5
-459.012909 5.592337 -1855.079102
0.573576 0.000000 0.819152	0.000000 1.000000 0.000000	-0.819152 0.000000 0.573576
6 1 1.000000 30.900000 0.250000 0.000000 200.000000 -1 -1 -1 -1 88 -1 0 65535 0 0
-471.668793 5.592337 -1846.217407	-446.357025 5.592337 -1863.940796
2 -0.573606 0.000000 -0.819132	0 0.000000 0.000000 0.000000

CAMERA_ELEMENT 4
-512.428345 4.446383 -1950.357056
0.927405 0.022729 -0.373370	-0.027502 0.999594 -0.007461	0.373048 0.017187 0.927653
0 0.000000 1
1 1 12 0 0 3.000000 1 25.000000 0.600000
0.000000 0.000000 0.000000
c41
TRIGGER_ELEMENT 5
-559.718689 0.154336 -2017.083496
0.422619 0.000000 0.906308	0.000000 1.000000 0.000000	-0.906308 0.000000 0.422619
6 1 1.000000 34.700001 0.250000 0.000000 200.000000 -1 -1 -1 -1 62 -1 0 0 0 0
-575.443115 0.154336 -2009.751099	-543.994263 0.154336 -2024.415894
2 -0.422632 0.000000 -0.906302	0 0.000000 0.000000 0.000000
Replay Camera Trigger
TRIGGER_ELEMENT 5
-536.142029 -4.110247 -2483.312012
-0.258819 0.000000 0.965926	0.000000 1.000000 0.000000	-0.965926 0.000000 -0.258819
6 1 1.000000 30.100000 0.250000 0.000000 200.000000 -1 -1 -1 -1 60 -1 0 65535 0 0
-550.679199 -4.110247 -2487.207275	-521.604858 -4.110247 -2479.416748
2 0.258817 0.000000 -0.965926	0 0.000000 0.000000 0.000000

TRIGGER_ELEMENT 5
-695.145813 -3.422221 -2752.862549
0.798636 0.000000 0.601815	0.000000 1.000000 0.000000	-0.601815 0.000000 0.798636
6 1 1.000000 37.799999 0.250000 0.000000 200.000000 -1 -1 -1 -1 57 -1 0 65535 0 0
-706.520142 -3.422221 -2737.768311	-683.771484 -3.422221 -2767.956787
2 -0.798643 0.000000 -0.601805	0 0.000000 0.000000 0.000000

TRIGGER_ELEMENT 5
-846.144348 -1.040374 -3055.523438
0.017453 0.000000 0.999848	0.000000 1.000000 0.000000	-0.999848 0.000000 0.017453
6 1 1.000000 31.799999 0.250000 0.000000 200.000000 -1 -1 -1 -1 56 -1 0 65535 0 0
-862.041931 -1.040374 -3055.245850	-830.246765 -1.040374 -3055.801025
2 -0.017458 0.000000 -0.999848	0 0.000000 0.000000 0.000000

TRIGGER_ELEMENT 5
-857.681335 1.768453 -3308.815918
0.500000 0.000000 0.866025	0.000000 1.000000 0.000000	-0.866025 0.000000 0.500000
6 1 1.000000 41.200001 0.250000 0.000000 200.000000 -1 -1 -1 -1 54 -1 0 65535 0 0
-875.521423 1.768453 -3298.515869	-839.841248 1.768453 -3319.115967
2 -0.500025 0.000000 -0.866011	0 0.000000 0.000000 0.000000

TRIGGER_ELEMENT 5
-1010.477600 8.970787 -3515.364990
0.342020 0.000000 0.939692	0.000000 1.000000 0.000000	-0.939692 0.000000 0.342020
6 1 1.000000 41.900002 0.250000 0.000000 200.000000 -1 -1 -1 -1 51 -1 0 65535 0 0
-1030.164185 8.970787 -3508.199707	-990.791077 8.970787 -3522.530273
2 -0.342037 0.000000 -0.939687	0 0.000000 0.000000 0.000000

TRIGGER_ELEMENT 5
-1327.952637 9.112778 -3637.061768
-0.809017 0.000000 0.587785	0.000000 1.000000 0.000000	-0.587785 0.000000 -0.809017
6 1 1.000000 41.100002 0.250000 0.000000 200.000000 -1 -1 -1 -1 50 -1 0 65535 0 0
-1340.031616 9.112778 -3653.687012	-1315.873657 9.112778 -3620.436523
1 -0.808947 0.000000 0.587881	0 0.000000 0.000000 0.000000

CAMERA_ELEMENT 4
-1422.950562 9.386349 -3550.623535
1.000000 0.000000 0.000000	0.000000 1.000000 0.000000	0.000000 0.000000 1.000000
0 0.000000 1
1 1 11 1 0 2.500000 0 45.000000 0.600000
0.000000 0.000000 0.000000
c42
TRIGGER_ELEMENT 5
-1424.073486 5.664845 -3563.254150
0.990268 0.000000 -0.139173	0.000000 1.000000 0.000000	0.139173 0.000000 0.990268
6 1 1.000000 86.099998 0.250000 0.000000 200.000000 -1 -1 -1 -1 96 -1 0 65535 0 0
-1418.082031 5.664845 -3520.623047	-1430.064941 5.664845 -3605.885254
2 -0.990269 0.000000 0.139165	0 0.000000 0.000000 0.000000

TRIGGER_ELEMENT 5
-1808.361206 19.328148 -3557.792725
1.000000 0.000000 0.000000	0.000000 1.000000 0.000000	0.000000 0.000000 1.000000
6 1 1.000000 22.500000 0.250000 0.000000 200.000000 -1 -1 -1 -1 99 -1 0 65535 0 0
-1808.361206 19.328148 -3546.542725	-1808.361206 19.328148 -3569.042725
2 -1.000000 0.000000 0.000000	0 0.000000 0.000000 0.000000

CAMERA_ELEMENT 4
-1851.767334 18.231909 -3553.588623
1.000000 0.000000 0.000000	0.000000 1.000000 0.000000	0.000000 0.000000 1.000000
0 0.000000 1
1 1 12 1 0 4.000000 0 20.000000 0.600000
0.000000 0.000000 0.000000
c43
CAMERA_ELEMENT 4
-2067.775879 13.357621 -3558.494141
1.000000 0.000000 0.000000	0.000000 1.000000 0.000000	0.000000 0.000000 1.000000
0 0.000000 1
1 1 12 0 0 3.000000 1 15.000000 0.600000
0.000000 0.000000 0.000000
c44
TRIGGER_ELEMENT 5
-1888.018066 18.305202 -3567.177490
1.000000 0.000000 0.000000	0.000000 1.000000 0.000000	0.000000 0.000000 1.000000
6 1 1.000000 18.000000 0.250000 0.000000 200.000000 -1 -1 -1 -1 100 -1 0 65535 0 0
-1888.018066 18.305202 -3558.177490	-1888.018066 18.305202 -3576.177490
2 -1.000000 0.000000 0.000000	0 0.000000 0.000000 0.000000

TRIGGER_ELEMENT 5
-2107.286865 11.857454 -3566.695313
1.000000 0.000000 0.000000	0.000000 1.000000 0.000000	0.000000 0.000000 1.000000
6 1 1.000000 19.200001 0.250000 0.000000 200.000000 -1 -1 -1 -1 42 -1 0 65535 0 0
-2107.286865 11.857454 -3557.095215	-2107.286865 11.857454 -3576.295410
2 -1.000000 0.000000 0.000000	0 0.000000 0.000000 0.000000

TRIGGER_ELEMENT 5
-2676.513184 -1.050366 -3673.477051
0.857167 0.000000 0.515038	0.000000 1.000000 0.000000	-0.515038 0.000000 0.857167
6 1 1.000000 24.000000 0.250000 0.000000 200.000000 -1 -1 -1 -1 38 -1 0 65535 0 0
-2682.693604 -1.050366 -3663.191162	-2670.332764 -1.050366 -3683.762939
2 -0.857127 0.000000 -0.515106	0 0.000000 0.000000 0.000000

TRIGGER_ELEMENT 5
-2817.930176 -4.609384 -3865.833008
0.469472 0.000000 0.882948	0.000000 1.000000 0.000000	-0.882948 0.000000 0.469472
6 1 1.000000 18.500000 0.250000 0.000000 200.000000 -1 -1 -1 -1 37 -1 0 65535 0 0
-2826.097412 -4.609384 -3861.490479	-2809.762939 -4.609384 -3870.175537
2 -0.469435 0.000000 -0.882967	0 0.000000 0.000000 0.000000

TRIGGER_ELEMENT 5
-3075.087402 -35.053246 -3983.568848
0.978148 0.000000 -0.207912	0.000000 1.000000 0.000000	0.207912 0.000000 0.978148
6 1 1.000000 33.700001 0.250000 0.000000 200.000000 -1 -1 -1 -1 35 -1 0 65535 0 0
-3071.583984 -35.053246 -3967.087158	-3078.590820 -35.053246 -4000.050537
2 -0.978123 0.000000 0.208028	0 0.000000 0.000000 0.000000

TRIGGER_ELEMENT 5
-3255.709473 -51.467339 -4040.945313
0.681998 0.000000 0.731354	0.000000 1.000000 0.000000	-0.731354 0.000000 0.681998
6 1 1.000000 24.700001 0.250000 0.000000 200.000000 -1 -1 -1 -1 107 -1 0 0 0 0
-3264.741699 -51.467339 -4032.522705	-3246.677246 -51.467339 -4049.367920
2 -0.681892 0.000000 -0.731453	0 0.000000 0.000000 0.000000
Replay Camera Trigger
CAMERA_ELEMENT 4
-3269.476807 -48.706139 -4031.575439
1.000000 0.000000 0.000000	0.000000 1.000000 0.000000	0.000000 0.000000 1.000000
0 0.000000 1
1 1 12 0 0 3.000000 1 20.000000 0.600000
0.000000 0.000000 0.000000
c44a
CAMERA_ELEMENT 4
-3446.167480 -51.286263 -4033.083496
1.000000 0.000000 0.000000	0.000000 1.000000 0.000000	0.000000 0.000000 1.000000
0 0.000000 1
1 1 12 0 0 3.000000 1 10.000000 0.600000
0.000000 0.000000 0.000000
c45
TRIGGER_ELEMENT 5
-3563.015137 -54.701305 -4132.993652
0.743145 0.000000 0.669131	0.000000 1.000000 0.000000	-0.669131 0.000000 0.743145
6 1 1.000000 25.900000 0.250000 0.000000 200.000000 -1 -1 -1 -1 108 -1 0 0 0 0
-3571.680420 -54.701305 -4123.370117	-3554.349854 -54.701305 -4142.617188
1 0.743246 0.000000 0.669019	0 0.000000 0.000000 0.000000
Replay Camera Trigger
TRIGGER_ELEMENT 5
-3310.767090 -53.019859 -4057.677979
0.984808 0.000000 0.173648	0.000000 1.000000 0.000000	-0.173648 0.000000 0.984808
6 1 1.000000 23.500000 0.250000 0.000000 200.000000 -1 -1 -1 -1 108 -1 0 0 0 0
-3312.807373 -53.019859 -4046.106445	-3308.726807 -53.019859 -4069.249512
2 -0.984820 0.000000 -0.173576	0 0.000000 0.000000 0.000000
Replay Camera Trigger
TRIGGER_ELEMENT 5
-3290.150391 -52.501808 -4138.081055
0.104529 0.000000 0.994522	0.000000 1.000000 0.000000	-0.994522 0.000000 0.104529
6 1 1.000000 28.200001 0.250000 0.000000 200.000000 -1 -1 -1 -1 112 -1 0 65535 0 0
-3304.173096 -52.501808 -4136.607422	-3276.127686 -52.501808 -4139.554688
2 -0.104481 0.000000 -0.994527	0 0.000000 0.000000 0.000000

CAMERA_ELEMENT 4
-3390.559326 -49.165157 -4239.022461
1.000000 0.000000 0.000000	0.000000 1.000000 0.000000	0.000000 0.000000 1.000000
0 0.000000 1
1 1 12 0 0 3.000000 1 20.000000 0.600000
0.000000 0.000000 0.000000
c46
CAMERA_ELEMENT 4
-3609.821533 -53.387928 -4155.336426
1.000000 0.000000 0.000000	0.000000 1.000000 0.000000	0.000000 0.000000 1.000000
0 0.000000 1
1 1 12 1 0 3.000000 0 45.000000 0.600000
0.000000 0.000000 0.000000
c47
TRIGGER_ELEMENT 5
-3548.877686 -54.491898 -4117.845703
0.777146 0.000000 0.629320	0.000000 1.000000 0.000000	-0.629320 0.000000 0.777146
6 1 1.000000 18.299999 0.250000 0.000000 200.000000 -1 -1 -1 -1 113 -1 0 0 0 0
-3554.635986 -54.491898 -4110.734863	-3543.119385 -54.491898 -4124.956543
2 -0.777091 0.000000 -0.629388	0 0.000000 0.000000 0.000000
Replay Camera Trigger
TRIGGER_ELEMENT 5
-3715.798096 -55.336174 -4175.111816
0.992546 0.000000 0.121869	0.000000 1.000000 0.000000	-0.121869 0.000000 0.992546
6 1 1.000000 38.000000 0.250000 0.000000 200.000000 -1 -1 -1 -1 31 -1 0 65535 0 0
-3718.113525 -55.336174 -4156.253418	-3713.482666 -55.336174 -4193.970215
2 -0.992520 0.000000 -0.122081	0 0.000000 0.000000 0.000000

CAMERA_ELEMENT 4
-3992.850098 -48.687389 -4125.054199
-0.356328 0.128712 0.925453	-0.065138 0.984635 -0.162024	-0.932087 -0.118015 -0.342469
0 0.000000 1
1 1 12 0 0 3.000000 1 20.000000 0.600000
0.000000 0.000000 0.000000
c48
TRIGGER_ELEMENT 5
-3989.794434 -54.195240 -4141.841309
1.000000 0.000000 0.000000	0.000000 1.000000 0.000000	0.000000 0.000000 1.000000
6 1 1.000000 44.200001 0.250000 0.000000 200.000000 -1 -1 -1 -1 116 -1 0 0 0 0
-3989.794434 -54.195240 -4119.741211	-3989.794434 -54.195240 -4163.941406
2 -1.000000 0.000000 0.000000	0 0.000000 0.000000 0.000000
Replay Camera Trigger
CAMERA_ELEMENT 4
-4522.622070 -44.379147 -4187.963379
1.000000 0.000000 0.000000	0.000000 1.000000 0.000000	0.000000 0.000000 1.000000
0 0.000000 1
1 1 12 0 0 3.000000 1 10.000000 0.600000
0.000000 0.000000 0.000000
c49
TRIGGER_ELEMENT 5
-4278.482422 -50.826618 -4165.668457
0.998630 0.000000 0.052336	0.000000 1.000000 0.000000	-0.052336 0.000000 0.998630
6 1 1.000000 55.300003 0.250000 0.000000 200.000000 -1 -1 -1 -1 27 -1 0 0 0 0
-4279.929688 -50.826618 -4138.056152	-4277.035156 -50.826618 -4193.280762
2 -0.998634 0.000000 -0.052251	0 0.000000 0.000000 0.000000
Replay Camera Trigger
TRIGGER_ELEMENT 5
-4536.377441 -47.894661 -4198.819824
0.951056 0.000000 0.309017	0.000000 1.000000 0.000000	-0.309017 0.000000 0.951056
6 1 1.000000 40.099998 0.250000 0.000000 200.000000 -1 -1 -1 -1 26 -1 0 0 0 0
-4542.573242 -47.894661 -4179.750977	-4530.181641 -47.894661 -4217.888672
2 -0.951048 0.000000 -0.309042	0 0.000000 0.000000 0.000000
Replay Camera Trigger
TRIGGER_ELEMENT 5
-4755.543457 -44.486481 -4243.247070
0.656059 0.000000 -0.754709	0.000000 1.000000 0.000000	0.754709 0.000000 0.656059
6 1 1.000000 46.500004 0.250000 0.000000 200.000000 -1 -1 -1 -1 24 -1 0 65535 0 0
-4737.996582 -44.486481 -4227.993652	-4773.090332 -44.486481 -4258.500488
2 -0.656082 0.000000 0.754690	0 0.000000 0.000000 0.000000

TRIGGER_ELEMENT 5
-4862.027344 -14.846693 -3998.499756
0.927184 0.000000 -0.374607	0.000000 1.000000 0.000000	0.374607 0.000000 0.927184
6 1 1.000000 47.500000 0.250000 0.000000 200.000000 -1 -1 -1 -1 22 -1 0 65535 0 0
-4853.130371 -14.846693 -3976.479248	-4870.924316 -14.846693 -4020.520264
2 -0.927226 0.000000 0.374503	0 0.000000 0.000000 0.000000

TRIGGER_ELEMENT 5
-4976.095215 -10.738993 -3925.947998
0.743145 0.000000 -0.669131	0.000000 1.000000 0.000000	0.669131 0.000000 0.743145
6 1 1.000000 19.000000 0.250000 0.000000 200.000000 -1 -1 -1 -1 20 -1 0 65535 0 0
-4969.738281 -10.738993 -3918.888184	-4982.452148 -10.738993 -3933.007813
2 -0.743124 0.000000 0.669154	0 0.000000 0.000000 0.000000

TRIGGER_ELEMENT 5
-5102.699219 -0.654306 -3800.042969
0.819152 0.000000 -0.573576	0.000000 1.000000 0.000000	0.573576 0.000000 0.819152
6 1 1.000000 20.000000 0.250000 0.000000 200.000000 -1 -1 -1 -1 17 -1 0 65535 0 0
-5096.963379 -0.654306 -3791.851563	-5108.435059 -0.654306 -3808.234375
2 -0.819255 0.000000 0.573430	0 0.000000 0.000000 0.000000

TRIGGER_ELEMENT 5
-5343.164063 1.770500 -3712.758057
1.000000 0.000000 0.000000	0.000000 1.000000 0.000000	0.000000 0.000000 1.000000
6 1 1.000000 20.700001 0.250000 0.000000 200.000000 -1 -1 -1 -1 16 -1 0 65535 0 0
-5343.164063 1.770500 -3702.407959	-5343.164063 1.770500 -3723.108154
2 -1.000000 0.000000 0.000000	0 0.000000 0.000000 0.000000

TRIGGER_ELEMENT 5
-5646.246094 3.188906 -3794.137939
0.951057 0.000000 0.309017	0.000000 1.000000 0.000000	-0.309017 0.000000 0.951057
6 1 1.000000 27.799999 0.250000 0.000000 200.000000 -1 -1 -1 -1 11 -1 0 65535 0 0
-5650.541504 3.188906 -3780.918213	-5641.950684 3.188906 -3807.357666
2 -0.951048 0.000000 -0.309042	0 0.000000 0.000000 0.000000

TRIGGER_ELEMENT 5
-5792.605469 -2.112921 -3789.174561
0.866025 0.000000 -0.500000	0.000000 1.000000 0.000000	0.500000 0.000000 0.866025
6 1 1.000000 19.600002 0.250000 0.000000 200.000000 -1 -1 -1 -1 6 -1 0 65535 0 0
-5787.705566 -2.112921 -3780.687500	-5797.505371 -2.112921 -3797.661621
2 -0.866072 0.000000 0.499920	0 0.000000 0.000000 0.000000

TRIGGER_ELEMENT 5
-3305.175049 -52.265087 -4180.095703
-0.615661 0.000000 -0.788011	0.000000 1.000000 0.000000	0.788011 0.000000 -0.615661
6 1 1.000000 35.799999 0.250000 0.000000 200.000000 -1 -1 -1 -1 107 -1 0 65535 0 0
-3291.069580 -52.265087 -4191.116211	-3319.280518 -52.265087 -4169.075195
2 0.615663 0.000000 0.788010	0 0.000000 0.000000 0.000000

TRIGGER_ELEMENT 5
-3308.506104 -52.629292 -4057.072021
-0.978148 0.000000 -0.207912	0.000000 1.000000 0.000000	0.207912 0.000000 -0.978148
6 1 1.000000 26.200001 0.250000 0.000000 200.000000 -1 -1 -1 -1 107 -1 0 0 0 0
-3305.782471 -52.629292 -4069.885742	-3311.229736 -52.629292 -4044.258301
2 0.978123 0.000000 0.208028	0 0.000000 0.000000 0.000000
Replay Camera Trigger
CAMERA_ELEMENT 4
-4878.770508 2.567725 -3720.596924
-0.731467 0.110238 0.672907	0.011648 0.988721 -0.149314	-0.681777 -0.101380 -0.724501
0 0.000000 1
1 1 12 1 0 4.000000 0 45.000000 0.600000
0.000000 0.000000 0.000000
c60
CAMERA_ELEMENT 4
-4447.065430 2.586080 -3839.389404
1.000000 0.000000 0.000000	0.000000 1.000000 0.000000	0.000000 0.000000 1.000000
0 0.000000 1
1 1 12 0 0 3.000000 1 15.000000 0.600000
0.000000 0.000000 0.000000
c61
TRIGGER_ELEMENT 5
-4670.245117 0.000078 -3723.663086
0.882948 0.000000 -0.469471	0.000000 1.000000 0.000000	0.469471 0.000000 0.882948
6 1 1.000000 24.000000 0.250000 0.000000 200.000000 -1 -1 -1 -1 131 -1 0 65535 0 0
-4664.611328 0.000078 -3713.067627	-4675.878906 0.000078 -3734.258545
