TRIGGER_ELEMENT 5
-6476.885742 2.417320 -3650.289551
0.913546 0.000000 0.406736	0.000000 1.000000 0.000000	-0.406736 0.000000 0.913546
2 0 1.000000 3.000000 0.250000 0.000000 200.000000 0 -1 -1 0 -1 -1 0 65535 0 0
-6477.495605 2.417320 -3648.919189	-6476.275879 2.417320 -3651.659912
0 0.000000 0.000000 0.000000	1 0.913550 0.000000 0.406727
Start
GEOM_ELEMENT 5
-6475.582031 2.416982 -3653.452148
0.999933 0.003533 -0.000006	-0.003533 0.999963 -0.001563	0.000000 0.001563 0.999967
0 1162760003 0 0 -1 1 1 100.000000 100.000000 100.000000
Geometry Element
GEOM_ELEMENT 5
-6478.016113 2.417596 -3647.557617
0.999933 0.003533 -0.000006	-0.003533 0.999963 -0.001563	0.000000 0.001563 0.999967
0 1162760003 0 0 -1 1 1 100.000000 100.000000 100.000000
Geometry Element
TRIGGER_ELEMENT 5
-209.197815 -6.984274 -1013.762390
1.000000 0.000000 0.000000	0.000000 1.000000 0.000000	0.000000 0.000000 1.000000
1 0 6.000000 3.000000 0.250000 0.000000 200.000000 5 -1 -1 5 -1 -1 0 1 0 0
-209.197815 -6.984274 -1012.262390	-209.197815 -6.984274 -1015.262390
0 0.000000 0.000000 0.000000	0 0.000000 0.000000 0.000000
End
TRIGGER_ELEMENT 5
-5101.655273 -0.648440 -3798.747559
-0.798635 0.000000 0.601815	0.000000 1.000000 0.000000	-0.601815 0.000000 -0.798635
0 1 1.000000 24.299999 0.250000 0.000000 200.000000 1 -1 -1 1 -1 5 0 0 0 0
-5108.967285 -0.648440 -3808.450928	-5094.343262 -0.648440 -3789.044189
0 0.000000 0.000000 0.000000	0 0.000000 0.000000 0.000000

GEOM_ELEMENT 5
-5027.159180 -7.029121 -3869.812988
-0.669014 -0.002432 -0.743246	0.018718 0.999622 -0.020119	0.743014 -0.027373 -0.668715
1 844583489 0 0 -1 1 1 100.000000 100.000000 100.000000
a1
TRIGGER_ELEMENT 5
-2856.171387 -2.425030 -3731.701904
0.866025 0.000000 -0.500000	0.000000 1.000000 0.000000	0.500000 0.000000 0.866025
0 1 1.000000 20.000000 0.250000 0.000000 200.000000 2 -1 -1 2 -1 7 0 0 0 0
-2851.171387 -2.425030 -3723.041748	-2861.171387 -2.425030 -3740.362061
0 0.000000 0.000000 0.000000	0 0.000000 0.000000 0.000000

GEOM_ELEMENT 5
-2773.583984 -2.910952 -3783.245117
-0.529898 -0.016845 -0.847894	-0.008935 0.999858 -0.014280	0.848014 0.000009 -0.529973
1 844583489 0 0 -1 1 1 100.000000 100.000000 100.000000
a2
TRIGGER_ELEMENT 5
-342.173981 0.266027 -1532.659790
0.422618 0.000000 0.906308	0.000000 1.000000 0.000000	-0.906308 0.000000 0.422618
0 1 1.000000 26.700001 0.250000 0.000000 200.000000 3 -1 -1 3 -1 9 0 0 0 0
-354.273193 0.266027 -1527.017822	-330.074768 0.266027 -1538.301758
0 0.000000 0.000000 0.000000	0 0.000000 0.000000 0.000000

GEOM_ELEMENT 5
-270.632843 0.000000 -1474.904785
0.224951 0.000000 -0.974370	0.000000 1.000000 0.000000	0.974370 0.000000 0.224951
1 844583489 0 0 -1 1 1 100.000000 100.000000 100.000000
a3
GEOM_ELEMENT 5
-208.971680 -4.615973 -1009.585938
0.999940 -0.000080 0.000000	0.000080 0.999965 0.003329	0.000000 -0.003329 0.999965
1 827806273 0 0 -1 0 1 47.000000 47.000000 47.000000
af
TRIGGER_ELEMENT 5
-229.141266 0.197215 -1250.031860
0.292372 0.000000 0.956305	0.000000 1.000000 0.000000	-0.956305 0.000000 0.292372
0 1 1.000000 16.900000 0.250000 0.000000 200.000000 4 -1 -1 4 -1 10 0 0 0 0
-237.222046 0.197215 -1247.561279	-221.060486 0.197215 -1252.502441
0 0.000000 0.000000 0.000000	0 0.000000 0.000000 0.000000

GEOM_ELEMENT 5
-6689.443848 1.514211 -3747.704102
-0.390729 0.000059 0.920506	-0.003532 0.999992 -0.001563	-0.920499 -0.003862 -0.390726
0 1464094277 0 0 -1 1 1 100.000000 100.000000 100.000000
Geometry Element
GEOM_ELEMENT 5
-6693.028320 1.509127 -3742.856689
-0.325566 0.000328 0.945519	-0.003533 0.999992 -0.001563	-0.945513 -0.003849 -0.325562
0 1464094277 0 0 -1 1 1 100.000000 100.000000 100.000000
Geometry Element
GEOM_ELEMENT 5
5.477795 0.000000 -156.181122
0.358368 0.000000 -0.933580	0.000000 1.000000 0.000000	0.933580 0.000000 0.358368
0 1464094277 0 0 -1 1 1 87.500000 87.500000 87.500000
Geometry Element
