TRIGGER_ELEMENT 5
-6470.890137 2.443168 -3647.302002
0.906308 0.000000 0.422618	0.000000 1.000000 0.000000	-0.422618 0.000000 0.906308
2 1 1.000000 21.200001 0.250000 0.000000 200.000000 -1 -1 -1 -1 -1 -1 0 65535 0 0
-6475.370117 2.443168 -3637.695068	-6466.410156 2.443168 -3656.908936
0 0.000000 0.000000 0.000000	0 0.000000 0.000000 0.000000

TRIGGER_ELEMENT 5
-132.211716 0.259475 -220.979645
0.848048 0.000000 0.529919	0.000000 1.000000 0.000000	-0.529919 0.000000 0.848048
1 1 1.000000 35.200001 0.250000 0.000000 200.000000 -1 -1 -1 -1 -1 -1 0 65535 0 0
-141.538300 0.259475 -206.054001	-122.885139 0.259475 -235.905289
0 0.000000 0.000000 0.000000	0 0.000000 0.000000 0.000000

GEOM_ELEMENT 5
-121.803909 0.000000 -232.634216
0.777146 0.000000 0.629320	0.000000 1.000000 0.000000	-0.629320 0.000000 0.777146
0 1213419078 0 0 -1 1 1 100.000000 100.000000 100.000000
Geometry Element
GEOM_ELEMENT 5
-124.774109 0.000000 -227.436340
0.866025 0.000000 0.500000	0.000000 1.000000 0.000000	-0.500000 0.000000 0.866025
0 1213419078 0 0 -1 1 1 100.000000 100.000000 100.000000
Geometry Element
