CAMERA_ELEMENT 4
-182.738235 43.359276 324.952789
1.000000 0.000000 0.000000	0.000000 1.000000 0.000000	0.000000 0.000000 1.000000
0 0.000000 1
1 1 12 0 1 3.000000 1 37.500000 0.600000
0.000000 0.000000 0.000000
c1
CAMERA_ELEMENT 4
7.997108 29.259876 275.538391
1.000000 0.000000 0.000000	0.000000 1.000000 0.000000	0.000000 0.000000 1.000000
0 0.000000 1
1 1 12 1 0 4.000000 0 37.500000 0.600000
0.000000 0.000000 0.000000
c2
TRIGGER_ELEMENT 5
-93.620293 31.632538 297.904816
0.956305 0.000000 -0.292372	0.000000 1.000000 0.000000	0.292372 0.000000 0.956305
6 1 1.000000 31.000000 0.250000 0.000000 200.000000 -1 -1 -1 -1 1 -1 0 0 0 0
-89.088524 31.632538 312.727539	-98.152061 31.632538 283.082092
1 0.956309 0.000000 -0.292359	0 0.000000 0.000000 0.000000
Replay Camera Trigger
TRIGGER_ELEMENT 5
-96.572823 31.721743 298.946533
-0.965926 0.000000 0.258819	0.000000 1.000000 0.000000	-0.258819 0.000000 -0.965926
6 1 1.000000 38.799999 0.250000 0.000000 200.000000 -1 -1 -1 -1 0 -1 0 0 0 0
-101.593910 31.721743 280.207581	-91.551735 31.721743 317.685486
1 -0.965926 0.000000 0.258819	0 0.000000 0.000000 0.000000
Replay Camera Trigger
CAMERA_ELEMENT 4
61.409351 28.707119 126.733070
1.000000 0.000000 0.000000	0.000000 1.000000 0.000000	0.000000 0.000000 1.000000
0 0.000000 1
1 1 12 1 0 3.000000 0 37.500000 0.600000
0.000000 0.000000 0.000000
c3
TRIGGER_ELEMENT 5
78.063766 25.100435 200.641220
0.258819 0.000000 -0.965926	0.000000 1.000000 0.000000	0.965926 0.000000 0.258819
6 1 1.000000 45.200001 0.250000 0.000000 200.000000 -1 -1 -1 -1 4 -1 0 0 0 0
99.893692 25.100435 206.490524	56.233841 25.100435 194.791916
1 0.258819 0.000000 -0.965926	0 0.000000 0.000000 0.000000
Replay Camera Trigger
TRIGGER_ELEMENT 5
77.367226 25.142860 202.466309
-0.258819 0.000000 0.965926	0.000000 1.000000 0.000000	-0.965926 0.000000 -0.258819
6 1 1.000000 42.599998 0.250000 0.000000 200.000000 -1 -1 -1 -1 1 -1 0 0 0 0
56.793003 25.142860 196.953461	97.941452 25.142860 207.979156
1 -0.258819 0.000000 0.965926	0 0.000000 0.000000 0.000000
Replay Camera Trigger
CAMERA_ELEMENT 4
-225.864609 19.301205 128.345383
0.135866 -0.143073 -0.980342	0.866793 0.496383 0.047686	0.479802 -0.856232 0.191456
0 0.000000 1
1 1 12 0 0 3.000000 1 37.500000 0.600000
0.000000 0.000000 0.000000
c4
TRIGGER_ELEMENT 5
-76.742531 12.637478 156.848816
-0.981627 0.000000 0.190809	0.000000 1.000000 0.000000	-0.190809 0.000000 -0.981627
6 1 1.000000 58.799999 0.250000 0.000000 200.000000 -1 -1 -1 -1 7 -1 0 0 0 0
-82.352318 12.637478 127.988983	-71.132744 12.637478 185.708649
1 -0.981627 0.000000 0.190811	0 0.000000 0.000000 0.000000
Replay Camera Trigger
TRIGGER_ELEMENT 5
-74.291862 12.842678 156.700165
0.978147 0.000000 -0.207912	0.000000 1.000000 0.000000	0.207912 0.000000 0.978147
6 1 1.000000 61.400002 0.250000 0.000000 200.000000 -1 -1 -1 -1 4 -1 0 0 0 0
-67.908966 12.842678 186.729279	-80.674759 12.842678 126.671051
1 0.978147 0.000000 -0.207916	0 0.000000 0.000000 0.000000
Replay Camera Trigger
CAMERA_ELEMENT 4
-40.358246 0.138192 58.338474
1.000000 0.000000 0.000000	0.000000 1.000000 0.000000	0.000000 0.000000 1.000000
0 0.000000 1
1 1 12 1 0 3.000000 0 37.500000 0.600000
0.000000 0.000000 0.000000
c5
TRIGGER_ELEMENT 5
-92.189537 -2.659098 90.916763
0.956305 0.000000 -0.292372	0.000000 1.000000 0.000000	0.292372 0.000000 0.956305
6 1 1.000000 28.200001 0.250000 0.000000 200.000000 -1 -1 -1 -1 10 -1 0 0 0 0
-88.067093 -2.659098 104.400665	-96.311981 -2.659098 77.432861
1 0.956304 0.000000 -0.292373	0 0.000000 0.000000 0.000000
Replay Camera Trigger
TRIGGER_ELEMENT 5
-93.216095 -2.500652 91.708450
-0.956305 0.000000 0.292372	0.000000 1.000000 0.000000	-0.292372 0.000000 -0.956305
6 1 1.000000 28.200001 0.250000 0.000000 200.000000 -1 -1 -1 -1 7 -1 0 0 0 0
-97.338539 -2.500652 78.224548	-89.093651 -2.500652 105.192352
1 -0.956304 0.000000 0.292373	0 0.000000 0.000000 0.000000
Replay Camera Trigger
CAMERA_ELEMENT 4
-461.128265 -31.926737 1046.175903
1.000000 0.000000 0.000000	0.000000 1.000000 0.000000	0.000000 0.000000 1.000000
0 0.000000 1
1 1 12 1 0 6.000000 0 37.500000 0.600000
0.000000 0.000000 0.000000
c12
TRIGGER_ELEMENT 5
-543.990417 -46.950409 931.599609
0.438371 0.000000 0.898794	0.000000 1.000000 0.000000	-0.898794 0.000000 0.438371
6 1 1.000000 45.500000 0.250000 0.000000 200.000000 -1 -1 -1 -1 13 -1 0 0 0 0
-564.437988 -46.950409 941.572571	-523.542847 -46.950409 921.626648
1 0.438354 0.000000 0.898802	0 0.000000 0.000000 0.000000
Replay Camera Trigger
TRIGGER_ELEMENT 5
-540.597778 -46.968941 924.888062
-0.374606 0.000000 -0.927184	0.000000 1.000000 0.000000	0.927184 0.000000 -0.374606
6 1 1.000000 42.700001 0.250000 0.000000 200.000000 -1 -1 -1 -1 51 -1 0 0 0 0
-520.802429 -46.968941 916.890198	-560.393127 -46.968941 932.885925
1 -0.374630 0.000000 -0.927175	0 0.000000 0.000000 0.000000
Replay Camera Trigger
TRIGGER_ELEMENT 5
-347.754303 -30.671116 1012.659363
-0.754709 0.000000 0.656059	0.000000 1.000000 0.000000	-0.656059 0.000000 -0.754709
6 1 1.000000 51.000000 0.250000 0.000000 200.000000 -1 -1 -1 -1 22 -1 0 0 0 0
-364.483795 -30.671116 993.414307	-331.024811 -30.671116 1031.904419
2 0.754701 0.000000 -0.656068	0 0.000000 0.000000 0.000000
Replay Camera Trigger
TRIGGER_ELEMENT 5
-349.944672 -30.783258 1014.659424
0.766044 0.000000 -0.642788	0.000000 1.000000 0.000000	0.642788 0.000000 0.766044
6 1 1.000000 57.000000 0.250000 0.000000 200.000000 -1 -1 -1 -1 13 -1 0 0 0 0
-331.625214 -30.783258 1036.491699	-368.264130 -30.783258 992.827148
2 -0.766061 0.000000 0.642768	0 0.000000 0.000000 0.000000
Replay Camera Trigger
CAMERA_ELEMENT 4
-355.136230 36.667931 506.790405
1.000000 0.000000 0.000000	0.000000 1.000000 0.000000	0.000000 0.000000 1.000000
0 0.000000 1
1 1 12 1 0 3.000000 0 37.500000 0.600000
0.000000 0.000000 0.000000
c15
TRIGGER_ELEMENT 5
-256.858246 10.277973 592.665100
0.906308 0.000000 0.422618	0.000000 1.000000 0.000000	-0.422618 0.000000 0.906308
6 1 1.000000 36.099998 0.250000 0.000000 200.000000 -1 -1 -1 -1 33 -1 0 0 0 0
-264.486511 10.277973 609.023926	-249.229980 10.277973 576.306274
2 -0.906312 0.000000 -0.422608	0 0.000000 0.000000 0.000000
Replay Camera Trigger
TRIGGER_ELEMENT 5
-253.154388 10.010261 594.158203
-0.920505 0.000000 -0.390731	0.000000 1.000000 0.000000	0.390731 0.000000 -0.920505
6 1 1.000000 36.700001 0.250000 0.000000 200.000000 -1 -1 -1 -1 30 -1 0 0 0 0
-245.984467 10.010261 577.266968	-260.324310 10.010261 611.049438
2 0.920499 0.000000 0.390746	0 0.000000 0.000000 0.000000
Replay Camera Trigger
TRIGGER_ELEMENT 5
-291.909912 32.874912 308.137268
0.898794 0.000000 0.438371	0.000000 1.000000 0.000000	-0.438371 0.000000 0.898794
6 1 1.000000 30.100000 0.250000 0.000000 200.000000 -1 -1 -1 -1 0 -1 0 0 0 0
-298.507385 32.874912 321.664124	-285.312439 32.874912 294.610413
1 0.898790 0.000000 0.438379	0 0.000000 0.000000 0.000000
Replay Camera Trigger
CAMERA_ELEMENT 4
-275.978455 -24.678621 936.504822
1.000000 0.000000 0.000000	0.000000 1.000000 0.000000	0.000000 0.000000 1.000000
0 0.000000 1
1 1 12 1 0 4.000000 0 37.500000 0.600000
0.000000 0.000000 0.000000
c20
CAMERA_ELEMENT 4
-179.426865 0.191701 856.983826
1.000000 0.000000 0.000000	0.000000 1.000000 0.000000	0.000000 0.000000 1.000000
0 0.000000 1
1 1 12 0 0 3.000000 1 37.500000 1.000000
0.000000 0.000000 0.000000
c21
TRIGGER_ELEMENT 5
-220.019012 -22.207872 906.217529
0.707107 0.000000 -0.707107	0.000000 1.000000 0.000000	0.707107 0.000000 0.707107
6 1 1.000000 39.599998 0.250000 0.000000 200.000000 -1 -1 -1 -1 23 -1 0 0 0 0
-206.018295 -22.207872 920.218262	-234.019730 -22.207872 892.216797
1 0.707114 0.000000 -0.707099	0 0.000000 0.000000 0.000000
Replay Camera Trigger
TRIGGER_ELEMENT 5
-222.039444 -22.715786 908.700989
-0.731354 0.000000 0.681999	0.000000 1.000000 0.000000	-0.681999 0.000000 -0.731354
6 1 1.000000 34.200001 0.250000 0.000000 200.000000 -1 -1 -1 -1 22 -1 0 0 0 0
-233.701630 -22.715786 896.194824	-210.377258 -22.715786 921.207153
1 -0.731349 0.000000 0.682003	0 0.000000 0.000000 0.000000
Replay Camera Trigger
CAMERA_ELEMENT 4
-73.735764 -2.370499 843.196228
1.000000 0.000000 0.000000	0.000000 1.000000 0.000000	0.000000 0.000000 1.000000
0 0.000000 1
1 1 8 0 0 3.000000 0 37.500000 0.600000
0.000000 0.000000 0.000000
c21b
TRIGGER_ELEMENT 5
-75.432266 -7.650794 844.100220
1.000000 0.000000 0.000000	0.000000 1.000000 0.000000	0.000000 0.000000 1.000000
6 1 1.000000 33.500000 0.250000 0.000000 200.000000 -1 -1 -1 -1 26 -1 0 0 0 0
-75.432266 -7.650794 860.850220	-75.432266 -7.650794 827.350220
1 1.000000 0.000000 0.000000	0 0.000000 0.000000 0.000000
Replay Camera Trigger
TRIGGER_ELEMENT 5
-76.593185 -7.653347 844.269165
-0.999391 0.000000 -0.034899	0.000000 1.000000 0.000000	0.034899 0.000000 -0.999391
6 1 1.000000 28.200001 0.250000 0.000000 200.000000 -1 -1 -1 -1 23 -1 0 0 0 0
-76.101112 -7.653347 830.177734	-77.085258 -7.653347 858.360596
1 -0.999390 0.000000 -0.034912	0 0.000000 0.000000 0.000000
Replay Camera Trigger
CAMERA_ELEMENT 4
2.971004 7.676274 817.322266
0.339927 0.036404 0.939747	-0.078694 0.996847 -0.010150	-0.937154 -0.070502 0.341720
0 0.000000 1
1 1 12 0 0 3.000000 1 37.500000 0.600000
0.000000 0.000000 0.000000
c21c
TRIGGER_ELEMENT 5
-70.759521 -0.198162 825.730042
-0.992546 0.000000 0.121870	0.000000 1.000000 0.000000	-0.121870 0.000000 -0.992546
6 1 1.000000 15.000000 0.250000 0.000000 200.000000 -1 -1 -1 -1 26 -1 0 0 0 0
-71.673546 -0.198162 818.285950	-69.845497 -0.198162 833.174133
2 0.992544 0.000000 -0.121887	0 0.000000 0.000000 0.000000
Replay Camera Trigger
TRIGGER_ELEMENT 5
-73.274445 -0.213422 826.234192
0.996195 0.000000 -0.087156	0.000000 1.000000 0.000000	0.087156 0.000000 0.996195
6 1 1.000000 11.900000 0.250000 0.000000 200.000000 -1 -1 -1 -1 23 -1 0 0 0 0
-72.755867 -0.213422 832.161560	-73.793022 -0.213422 820.306824
2 -0.996194 0.000000 0.087158	0 0.000000 0.000000 0.000000
Replay Camera Trigger
TRIGGER_ELEMENT 5
-45.457745 -2.781906 855.164246
0.906308 0.000000 -0.422618	0.000000 1.000000 0.000000	0.422618 0.000000 0.906308
6 1 1.000000 12.700000 0.250000 0.000000 200.000000 -1 -1 -1 -1 26 -1 0 0 0 0
-42.774120 -2.781906 860.919312	-48.141369 -2.781906 849.409180
1 0.906312 0.000000 -0.422610	0 0.000000 0.000000 0.000000
Replay Camera Trigger
TRIGGER_ELEMENT 5
-46.433998 -2.962002 856.013672
-0.906308 0.000000 0.422619	0.000000 1.000000 0.000000	-0.422619 0.000000 -0.906308
6 1 1.000000 12.100000 0.250000 0.000000 200.000000 -1 -1 -1 -1 23 -1 0 0 0 0
-48.990845 -2.962002 850.530518	-43.877151 -2.962002 861.496826
1 -0.906312 0.000000 0.422610	0 0.000000 0.000000 0.000000
Replay Camera Trigger
CAMERA_ELEMENT 4
66.721970 18.718109 696.415100
0.660650 -0.044365 0.749382	-0.122265 0.978564 0.165720	-0.740671 -0.201106 0.641064
0 0.000000 0
1 1 12 0 0 3.000000 1 37.500000 0.600000
0.000000 0.000000 0.000000
c22
CAMERA_ELEMENT 4
132.299438 34.253788 600.947205
0.406241 -0.008662 0.913725	-0.183531 0.978804 0.090876	-0.895145 -0.204614 0.396041
0 0.000000 1
1 1 12 1 0 5.000000 0 37.500000 0.600000
0.000000 0.000000 0.000000
c23
CAMERA_ELEMENT 4
190.768906 34.891842 479.001251
-0.009234 -0.995084 -0.098597	-0.519019 -0.079510 0.851056	-0.854712 0.059032 -0.515734
0 0.000000 1
1 1 12 0 0 3.000000 1 25.000000 0.600000
0.000000 0.000000 0.000000
c24
TRIGGER_ELEMENT 5
151.757294 22.864115 573.209412
0.601815 0.000000 -0.798636	0.000000 1.000000 0.000000	0.798636 0.000000 0.601815
6 1 1.000000 51.200001 0.250000 0.000000 200.000000 -1 -1 -1 -1 36 -1 0 0 0 0
172.202377 22.864115 588.615845	131.312210 22.864115 557.802979
1 0.601815 0.000000 -0.798636	0 0.000000 0.000000 0.000000
Replay Camera Trigger
TRIGGER_ELEMENT 5
150.855087 22.863348 574.594360
-0.601815 0.000000 0.798636	0.000000 1.000000 0.000000	-0.798636 0.000000 -0.601815
6 1 1.000000 51.200001 0.250000 0.000000 200.000000 -1 -1 -1 -1 26 -1 0 0 0 0
130.410004 22.863348 559.187866	171.300171 22.863348 590.000854
1 -0.601815 0.000000 0.798636	0 0.000000 0.000000 0.000000
Replay Camera Trigger
TRIGGER_ELEMENT 5
177.719879 15.800841 542.025269
0.275638 0.000000 -0.961262	0.000000 1.000000 0.000000	0.961262 0.000000 0.275638
6 1 1.000000 48.900002 0.250000 0.000000 200.000000 -1 -1 -1 -1 36 -1 0 0 0 0
201.222733 15.800841 548.764648	154.217026 15.800841 535.285889
1 0.275640 0.000000 -0.961261	0 0.000000 0.000000 0.000000
Replay Camera Trigger
TRIGGER_ELEMENT 5
177.479675 15.714437 544.661133
-0.374606 0.000000 0.927184	0.000000 1.000000 0.000000	-0.927184 0.000000 -0.374606
6 1 1.000000 44.900002 0.250000 0.000000 200.000000 -1 -1 -1 -1 26 -1 0 0 0 0
156.664398 15.714437 536.251221	198.294952 15.714437 553.071045
1 -0.374603 0.000000 0.927185	0 0.000000 0.000000 0.000000
Replay Camera Trigger
CAMERA_ELEMENT 4
133.803070 33.233257 339.015198
0.922309 -0.102609 -0.372581	0.102706 0.994518 -0.019646	0.372555 -0.020146 0.927791
0 0.000000 1
1 1 12 0 0 3.000000 1 24.000000 0.600000
0.000000 0.000000 0.000000
c25
TRIGGER_ELEMENT 5
157.364044 23.850275 406.029358
-0.173648 0.000000 -0.984808	0.000000 1.000000 0.000000	0.984808 0.000000 -0.173648
6 1 1.000000 32.700001 0.250000 0.000000 200.000000 -1 -1 -1 -1 41 -1 0 0 0 0
173.465652 23.850275 403.190216	141.262436 23.850275 408.868500
1 -0.173646 0.000000 -0.984808	0 0.000000 0.000000 0.000000
Replay Camera Trigger
TRIGGER_ELEMENT 5
157.309616 23.771334 407.395172
0.173648 0.000000 0.984808	0.000000 1.000000 0.000000	-0.984808 0.000000 0.173648
6 1 1.000000 32.099998 0.250000 0.000000 200.000000 -1 -1 -1 -1 36 -1 0 0 0 0
141.503448 23.771334 410.182220	173.115784 23.771334 404.608124
1 0.173646 0.000000 0.984808	0 0.000000 0.000000 0.000000
Replay Camera Trigger
TRIGGER_ELEMENT 5
186.517059 25.242924 314.460388
0.974370 0.000000 -0.224951	0.000000 1.000000 0.000000	0.224951 0.000000 0.974370
6 1 1.000000 36.700001 0.250000 0.000000 200.000000 -1 -1 -1 -1 26 -1 0 0 0 0
190.644913 25.242924 332.340088	182.389206 25.242924 296.580688
1 0.974371 0.000000 -0.224946	0 0.000000 0.000000 0.000000
Replay Camera Trigger
TRIGGER_ELEMENT 5
183.597122 25.310099 316.209778
-0.981627 0.000000 0.190809	0.000000 1.000000 0.000000	-0.190809 0.000000 -0.981627
6 1 1.000000 36.900002 0.250000 0.000000 200.000000 -1 -1 -1 -1 41 -1 0 0 0 0
180.076691 25.310099 298.098755	187.117554 25.310099 334.320801
1 -0.981630 0.000000 0.190796	0 0.000000 0.000000 0.000000
Replay Camera Trigger
TRIGGER_ELEMENT 5
199.400452 -5.408971 -49.268223
0.987688 0.000000 0.156434	0.000000 1.000000 0.000000	-0.156434 0.000000 0.987688
6 1 1.000000 45.099998 0.250000 0.000000 200.000000 -1 -1 -1 -1 26 -1 0 0 0 0
195.872864 -5.408971 -26.995859	202.928040 -5.408971 -71.540588
1 0.987689 0.000000 0.156433	0 0.000000 0.000000 0.000000
Replay Camera Trigger
CAMERA_ELEMENT 4
83.442810 -5.787783 -148.415268
1.000000 0.000000 0.000000	0.000000 1.000000 0.000000	0.000000 0.000000 1.000000
0 0.000000 1
1 1 12 0 0 3.000000 1 15.000000 0.600000
0.000000 0.000000 0.000000
c26
TRIGGER_ELEMENT 5
198.307251 -5.631768 -50.622086
-0.992546 0.000000 -0.121869	0.000000 1.000000 0.000000	0.121869 0.000000 -0.992546
6 1 1.000000 41.099998 0.250000 0.000000 200.000000 -1 -1 -1 -1 47 -1 0 0 0 0
200.811661 -5.631768 -71.018906	195.802841 -5.631768 -30.225266
1 -0.992546 0.000000 -0.121869	0 0.000000 0.000000 0.000000
Replay Camera Trigger
TRIGGER_ELEMENT 5
-39.235443 -8.296317 -116.814728
0.848048 0.000000 -0.529919	0.000000 1.000000 0.000000	0.529919 0.000000 0.848048
6 1 1.000000 24.000000 0.250000 0.000000 200.000000 -1 -1 -1 -1 47 -1 0 0 0 0
-32.876415 -8.296317 -106.638153	-45.594471 -8.296317 -126.991302
1 0.848047 0.000000 -0.529921	0 0.000000 0.000000 0.000000
Replay Camera Trigger
TRIGGER_ELEMENT 5
-48.844913 -8.166736 -108.913574
-0.573576 0.000000 0.819152	0.000000 1.000000 0.000000	-0.819152 0.000000 -0.573576
6 1 1.000000 24.200001 0.250000 0.000000 200.000000 -1 -1 -1 -1 10 -1 0 0 0 0
-58.756653 -8.166736 -115.853844	-38.933174 -8.166736 -101.973305
1 -0.573574 0.000000 0.819153	0 0.000000 0.000000 0.000000
Replay Camera Trigger
CAMERA_ELEMENT 4
-574.891479 -42.816448 868.809814
-0.611826 -0.046373 -0.789632	-0.099307 0.994884 0.018518	0.784734 0.089746 -0.613301
0 0.000000 1
1 1 12 0 0 3.000000 1 37.500000 0.600000
0.000000 0.000000 0.000000
c40
CAMERA_ELEMENT 4
-524.035095 -32.763088 731.909912
0.939702 -0.016074 0.341617	-0.001733 0.998658 0.051757	-0.341990 -0.049228 0.938413
0 0.000000 0
1 1 12 0 0 3.000000 1 37.500000 0.600000
0.000000 0.000000 0.000000
c41
TRIGGER_ELEMENT 5
-561.920715 -46.077858 841.361206
0.390731 0.000000 -0.920505	0.000000 1.000000 0.000000	0.920505 0.000000 0.390731
6 1 1.000000 32.799999 0.250000 0.000000 200.000000 -1 -1 -1 -1 51 -1 0 0 0 0
-546.824463 -46.077858 847.769165	-577.016968 -46.077858 834.953247
2 -0.390735 0.000000 0.920503	0 0.000000 0.000000 0.000000
Replay Camera Trigger
TRIGGER_ELEMENT 5
-563.536072 -46.073738 839.274048
-0.406736 0.000000 0.913545	0.000000 1.000000 0.000000	-0.913545 0.000000 -0.406736
6 1 1.000000 33.400002 0.250000 0.000000 200.000000 -1 -1 -1 -1 52 -1 0 0 0 0
-578.792297 -46.073738 832.481567	-548.279846 -46.073738 846.066528
2 0.406727 0.000000 -0.913550	0 0.000000 0.000000 0.000000
Replay Camera Trigger
CAMERA_ELEMENT 4
-588.759766 -9.450254 630.918762
-0.852657 0.039415 -0.520982	0.009854 0.998186 0.059390	0.522378 0.045505 -0.851499
0 0.000000 1
1 1 12 1 0 4.000000 0 37.500000 0.600000
0.000000 0.000000 0.000000
c42
TRIGGER_ELEMENT 5
-532.951782 -32.358387 714.975037
0.156435 0.000000 0.987688	0.000000 1.000000 0.000000	-0.987688 0.000000 0.156435
6 1 1.000000 35.400002 0.250000 0.000000 200.000000 -1 -1 -1 -1 52 -1 0 0 0 0
-550.433838 -32.358387 717.743958	-515.469727 -32.358387 712.206116
1 0.156436 0.000000 0.987688	0 0.000000 0.000000 0.000000
Replay Camera Trigger
TRIGGER_ELEMENT 5
-531.883240 -31.421627 707.086914
-0.207911 0.000000 -0.978148	0.000000 1.000000 0.000000	0.978148 0.000000 -0.207911
6 1 1.000000 31.700001 0.250000 0.000000 200.000000 -1 -1 -1 -1 55 -1 0 0 0 0
-516.379578 -31.421627 703.791504	-547.386902 -31.421627 710.382324
1 -0.207887 0.000000 -0.978153	0 0.000000 0.000000 0.000000
Replay Camera Trigger
CAMERA_ELEMENT 4
-528.503235 4.239142 456.822662
-0.750818 -0.406335 0.520735	-0.242867 0.902990 0.354435	-0.614238 0.139647 -0.776667
0 0.000000 1
1 1 12 0 0 3.000000 1 25.000000 0.600000
0.000000 0.000000 0.000000
c43
TRIGGER_ELEMENT 5
-558.017090 -12.357252 547.653442
0.681998 0.000000 -0.731354	0.000000 1.000000 0.000000	0.731354 0.000000 0.681998
6 1 1.000000 40.599998 0.250000 0.000000 200.000000 -1 -1 -1 -1 55 -1 0 0 0 0
-543.170593 -12.357252 561.497986	-572.863586 -12.357252 533.808899
2 -0.681988 0.000000 0.731364	0 0.000000 0.000000 0.000000
Replay Camera Trigger
TRIGGER_ELEMENT 5
-555.162415 -11.994351 545.821289
-0.669130 0.000000 0.743145	0.000000 1.000000 0.000000	-0.743145 0.000000 -0.669130
6 1 1.000000 50.400002 0.250000 0.000000 200.000000 -1 -1 -1 -1 58 -1 0 0 0 0
-573.889648 -11.994351 528.959229	-536.435181 -11.994351 562.683350
2 0.669120 0.000000 -0.743154	0 0.000000 0.000000 0.000000
Replay Camera Trigger
CAMERA_ELEMENT 4
-527.614685 33.642609 312.854218
-0.067729 -0.070172 -0.995233	-0.110537 0.991910 -0.062415	0.991562 0.105783 -0.074937
0 0.000000 1
1 1 12 1 0 5.000000 0 37.500000 0.600000
0.000000 0.000000 0.000000
c44
TRIGGER_ELEMENT 5
-560.750366 10.624436 375.211426
0.342020 0.000000 -0.939693	0.000000 1.000000 0.000000	0.939693 0.000000 0.342020
6 1 1.000000 37.900002 0.250000 0.000000 200.000000 -1 -1 -1 -1 61 -1 0 0 0 0
-542.943176 10.624436 381.692719	-578.557556 10.624436 368.730133
1 0.342037 0.000000 -0.939687	0 0.000000 0.000000 0.000000
Replay Camera Trigger
TRIGGER_ELEMENT 5
-563.379211 10.444982 377.152527
-0.358368 0.000000 0.933580	0.000000 1.000000 0.000000	-0.933580 0.000000 -0.358368
6 1 1.000000 41.099998 0.250000 0.000000 200.000000 -1 -1 -1 -1 58 -1 0 0 0 0
-582.564270 10.444982 369.788055	-544.194153 10.444982 384.516998
1 -0.358390 0.000000 0.933572	0 0.000000 0.000000 0.000000
Replay Camera Trigger
CAMERA_ELEMENT 4
-332.223999 40.998856 312.828400
1.000000 0.000000 0.000000	0.000000 1.000000 0.000000	0.000000 0.000000 1.000000
0 0.000000 1
1 1 12 1 2 3.000000 0 37.500000 0.600000
0.000000 0.000000 0.000000
c45
TRIGGER_ELEMENT 5
-455.966064 28.566135 311.818939
1.000000 0.000000 0.000000	0.000000 1.000000 0.000000	0.000000 0.000000 1.000000
6 1 1.000000 37.000000 0.250000 0.000000 200.000000 -1 -1 -1 -1 61 -1 0 0 0 0
-455.966064 28.566135 330.318939	-455.966064 28.566135 293.318939
2 -1.000000 0.000000 0.000000	0 0.000000 0.000000 0.000000
Replay Camera Trigger
TRIGGER_ELEMENT 5
-453.354767 28.704750 312.146637
-0.999848 0.000000 -0.017452	0.000000 1.000000 0.000000	0.017452 0.000000 -0.999848
6 1 1.000000 37.099998 0.250000 0.000000 200.000000 -1 -1 -1 -1 64 -1 0 0 0 0
-453.031036 28.704750 293.599457	-453.678497 28.704750 330.693817
2 0.999848 0.000000 0.017456	0 0.000000 0.000000 0.000000
Replay Camera Trigger
TRIGGER_ELEMENT 5
-292.719971 32.851688 306.395294
-0.913546 0.000000 -0.406736	0.000000 1.000000 0.000000	0.406736 0.000000 -0.913546
6 1 1.000000 38.799999 0.250000 0.000000 200.000000 -1 -1 -1 -1 64 -1 0 0 0 0
-284.829285 32.851688 288.672516	-300.610657 32.851688 324.118073
1 -0.913545 0.000000 -0.406739	0 0.000000 0.000000 0.000000
Replay Camera Trigger
