[header]
count=4
tint=1.000000,1.801324,1.801324,1.801324
ambient=1.000000,0.304636,0.304636,0.304636
interior=1.000000,1.000000,1.000000,1.000000
lightdecal=1.000000,1.112583,1.112583,1.112583

[section0]
startslice=6000
endslice=6000
texture1=542722899
clamp1=0
clamp2=1
tint1=1.000000,1.000000,1.000000,1.000000
tint2=1.000000,1.000000,1.000000,1.000000
texture1=542722899
clamp1=0
clamp2=0
tint1=1.000000,1.000000,1.000000,1.000000
tint2=1.000000,1.000000,1.000000,1.000000
texture1.open=827142484
texture1.covered=827142484
texture2.open=827142484
texture2.covered=827142484
texture3.open=827142484
texture3.covered=827142484
texturesize=4.023944
aspect=1.000000

[section1]
startslice=379
endslice=481
texture1.open=827142484
texture1.covered=827142484
texture2.open=827142484
texture2.covered=827142484
texture3.open=843919700
texture3.covered=843919700
texturesize=8.928873
aspect=0.282306

[section2]
startslice=34
endslice=39
texture1.open=827535700
texture1.covered=827535700
texture2.open=827535700
texture2.covered=827535700
texture3.open=844312916
texture3.covered=844312916
texturesize=8.928873
aspect=0.427711

[section3]
startslice=32
endslice=33
texture1.open=827142484
texture1.covered=827142484
texture2.open=827142484
texture2.covered=827142484
texture3.open=843919700
texture3.covered=843919700
texturesize=8.928873
aspect=0.282306









