CAMERA_ELEMENT 4
-185.301880 38.843578 332.593811
1.000000 0.000000 0.000000	0.000000 1.000000 0.000000	0.000000 0.000000 1.000000
0 0.000000 1
1 1 12 0 2 3.000000 1 37.500000 0.600000
0.000000 0.000000 0.000000
c1
TRIGGER_ELEMENT 5
-99.392967 31.791826 298.080444
-0.939692 0.000000 0.342020	0.000000 1.000000 0.000000	-0.342020 0.000000 -0.939692
6 1 1.000000 26.599998 0.250000 0.000000 200.000000 -1 -1 -1 -1 0 -1 0 0 0 0
-103.941841 31.791826 285.582520	-94.844093 31.791826 310.578369
1 -0.939695 0.000000 0.342013	0 0.000000 0.000000 0.000000
Replay Camera Trigger
CAMERA_ELEMENT 4
47.464485 29.898287 248.210373
1.000000 0.000000 0.000000	0.000000 1.000000 0.000000	0.000000 0.000000 1.000000
0 0.000000 1
1 1 12 1 0 3.000000 0 37.500000 0.600000
0.000000 0.000000 0.000000
c2
TRIGGER_ELEMENT 5
-96.548752 31.710157 297.551544
0.970296 0.000000 -0.241922	0.000000 1.000000 0.000000	0.241922 0.000000 0.970296
6 1 1.000000 25.200001 0.250000 0.000000 200.000000 -1 -1 -1 -1 2 -1 0 0 0 0
-93.500534 31.710157 309.777283	-99.596970 31.710157 285.325806
1 0.970298 0.000000 -0.241913	0 0.000000 0.000000 0.000000
Replay Camera Trigger
CAMERA_ELEMENT 4
72.826530 29.147247 134.535324
1.000000 0.000000 0.000000	0.000000 1.000000 0.000000	0.000000 0.000000 1.000000
0 0.000000 1
1 1 12 0 0 3.000000 1 25.000000 0.600000
0.000000 0.000000 0.000000
c3
TRIGGER_ELEMENT 5
80.606941 25.622608 203.329742
-0.258819 0.000000 0.965926	0.000000 1.000000 0.000000	-0.965926 0.000000 -0.258819
6 1 1.000000 39.399998 0.250000 0.000000 200.000000 -1 -1 -1 -1 4 -1 0 0 0 0
61.578205 25.622608 198.231018	99.635681 25.622608 208.428467
2 0.258819 0.000000 -0.965926	0 0.000000 0.000000 0.000000
Replay Camera Trigger
TRIGGER_ELEMENT 5
78.975357 25.495340 204.467606
0.258819 0.000000 -0.965926	0.000000 1.000000 0.000000	0.965926 0.000000 0.258819
6 1 1.000000 37.600002 0.250000 0.000000 200.000000 -1 -1 -1 -1 2 -1 0 0 0 0
97.134766 25.495340 209.333405	60.815952 25.495340 199.601807
2 -0.258819 0.000000 0.965926	0 0.000000 0.000000 0.000000
Replay Camera Trigger
CAMERA_ELEMENT 4
-222.231155 15.403738 144.279663
1.000000 0.000000 0.000000	0.000000 1.000000 0.000000	0.000000 0.000000 1.000000
0 0.000000 1
1 1 12 1 0 6.000000 0 37.500000 0.600000
0.000000 0.000000 0.000000
c4
TRIGGER_ELEMENT 5
-134.802811 9.293947 153.580536
-0.997564 0.000000 0.069757	0.000000 1.000000 0.000000	-0.069757 0.000000 -0.997564
6 1 1.000000 29.000002 0.250000 0.000000 200.000000 -1 -1 -1 -1 7 -1 0 0 0 0
-135.814285 9.293947 139.115860	-133.791336 9.293947 168.045212
1 -0.997564 0.000000 0.069764	0 0.000000 0.000000 0.000000
Replay Camera Trigger
TRIGGER_ELEMENT 5
-133.662170 9.330403 153.559326
0.998629 0.000000 -0.052336	0.000000 1.000000 0.000000	0.052336 0.000000 0.998629
6 1 1.000000 31.100000 0.250000 0.000000 200.000000 -1 -1 -1 -1 4 -1 0 0 0 0
-132.848343 9.330403 169.088013	-134.475998 9.330403 138.030640
1 0.998629 0.000000 -0.052338	0 0.000000 0.000000 0.000000
Replay Camera Trigger
CAMERA_ELEMENT 4
-71.230659 1.205122 93.544678
1.000000 0.000000 0.000000	0.000000 1.000000 0.000000	0.000000 0.000000 1.000000
0 0.000000 1
1 1 12 1 0 4.000000 0 37.500000 0.600000
0.000000 0.000000 0.000000
c5
TRIGGER_ELEMENT 5
-126.019409 -0.090135 98.155479
1.000000 0.000000 0.000000	0.000000 1.000000 0.000000	0.000000 0.000000 1.000000
6 1 1.000000 29.599998 0.250000 0.000000 200.000000 -1 -1 -1 -1 10 -1 0 0 0 0
-126.019409 -0.090135 112.955475	-126.019409 -0.090135 83.355484
1 1.000000 0.000000 0.000000	0 0.000000 0.000000 0.000000
Replay Camera Trigger
TRIGGER_ELEMENT 5
-127.591652 0.008089 97.515877
-0.999848 0.000000 0.017453	0.000000 1.000000 0.000000	-0.017453 0.000000 -0.999848
6 1 1.000000 27.200001 0.250000 0.000000 200.000000 -1 -1 -1 -1 7 -1 0 0 0 0
-127.829010 0.008089 83.917946	-127.354294 0.008089 111.113808
1 -0.999848 0.000000 0.017456	0 0.000000 0.000000 0.000000
Replay Camera Trigger
CAMERA_ELEMENT 4
-46.698074 4.374673 -156.528809
0.296348 -0.042946 -0.954114	-0.165650 0.981537 -0.095631	0.940605 0.186389 0.283763
0 0.000000 1
1 1 12 0 0 3.000000 1 37.500000 0.600000
0.000000 0.000000 0.000000
c6
TRIGGER_ELEMENT 5
-59.418465 -6.784161 -38.578026
-0.069756 0.000000 -0.997564	0.000000 1.000000 0.000000	0.997564 0.000000 -0.069756
6 1 1.000000 41.200001 0.250000 0.000000 200.000000 -1 -1 -1 -1 13 -1 0 0 0 0
-38.868641 -6.784161 -40.015003	-79.968292 -6.784161 -37.141048
1 -0.069756 0.000000 -0.997564	0 0.000000 0.000000 0.000000
Replay Camera Trigger
TRIGGER_ELEMENT 5
-58.772743 -6.724149 -36.682419
0.069757 0.000000 0.997564	0.000000 1.000000 0.000000	-0.997564 0.000000 0.069757
6 1 1.000000 41.299999 0.250000 0.000000 200.000000 -1 -1 -1 -1 13 -1 0 0 0 0
-79.372437 -6.724149 -35.241940	-38.173046 -6.724149 -38.122898
1 0.069756 0.000000 0.997564	0 0.000000 0.000000 0.000000
Replay Camera Trigger
CAMERA_ELEMENT 4
-209.927826 -7.074322 -106.581238
0.469587 -0.025524 0.882517	-0.009033 0.999391 0.033710	-0.882840 -0.023801 0.469070
0 0.000000 0
1 1 12 0 0 3.000000 1 37.500000 0.600000
0.000000 0.000000 0.000000
c7
TRIGGER_ELEMENT 5
-201.322052 -8.930305 -102.807457
0.992546 0.000000 -0.121869	0.000000 1.000000 0.000000	0.121869 0.000000 0.992546
6 1 1.000000 31.800001 0.250000 0.000000 200.000000 -1 -1 -1 -1 13 -1 0 0 0 0
-199.384323 -8.930305 -87.025970	-203.259781 -8.930305 -118.588943
1 0.992546 0.000000 -0.121871	0 0.000000 0.000000 0.000000
Replay Camera Trigger
TRIGGER_ELEMENT 5
-203.697220 -8.959309 -102.422089
-0.987688 0.000000 0.156435	0.000000 1.000000 0.000000	-0.156435 0.000000 -0.987688
6 1 1.000000 29.099998 0.250000 0.000000 200.000000 -1 -1 -1 -1 16 -1 0 0 0 0
-205.973343 -8.959309 -116.792953	-201.421097 -8.959309 -88.051224
1 -0.987689 0.000000 0.156433	0 0.000000 0.000000 0.000000
Replay Camera Trigger
CAMERA_ELEMENT 4
-505.234283 -9.208457 -36.957115
1.000000 0.000000 0.000000	0.000000 1.000000 0.000000	0.000000 0.000000 1.000000
0 0.000000 1
1 1 12 1 0 3.000000 0 37.500000 0.600000
0.000000 0.000000 0.000000
c8
TRIGGER_ELEMENT 5
-416.534119 -11.294393 -58.933578
0.965926 0.000000 -0.258819	0.000000 1.000000 0.000000	0.258819 0.000000 0.965926
6 1 1.000000 24.000000 0.250000 0.000000 200.000000 -1 -1 -1 -1 16 -1 0 0 0 0
-413.428284 -11.294393 -47.342468	-419.639954 -11.294393 -70.524689
1 0.965925 0.000000 -0.258823	0 0.000000 0.000000 0.000000
Replay Camera Trigger
TRIGGER_ELEMENT 5
-418.136383 -11.302690 -58.805023
-0.974370 0.000000 0.224951	0.000000 1.000000 0.000000	-0.224951 0.000000 -0.974370
6 1 1.000000 20.200001 0.250000 0.000000 200.000000 -1 -1 -1 -1 19 -1 0 0 0 0
-420.408386 -11.302690 -68.646164	-415.864380 -11.302690 -48.963886
1 -0.974369 0.000000 0.224954	0 0.000000 0.000000 0.000000
Replay Camera Trigger
CAMERA_ELEMENT 4
-721.874512 -15.107648 113.093307
1.000000 0.000000 0.000000	0.000000 1.000000 0.000000	0.000000 0.000000 1.000000
0 0.000000 1
1 1 12 1 0 5.000000 0 37.500000 0.600000
0.000000 0.000000 0.000000
c9
TRIGGER_ELEMENT 5
-654.867676 -15.638549 51.527260
0.788011 0.000000 -0.615661	0.000000 1.000000 0.000000	0.615661 0.000000 0.788011
6 1 1.000000 23.200001 0.250000 0.000000 200.000000 -1 -1 -1 -1 19 -1 0 0 0 0
-647.726013 -15.638549 60.668190	-662.009338 -15.638549 42.386330
1 0.788016 0.000000 -0.615655	0 0.000000 0.000000 0.000000
Replay Camera Trigger
TRIGGER_ELEMENT 5
-656.095154 -15.681485 52.379944
-0.788010 0.000000 0.615662	0.000000 1.000000 0.000000	-0.615662 0.000000 -0.788010
6 1 1.000000 21.900000 0.250000 0.000000 200.000000 -1 -1 -1 -1 22 -1 0 0 0 0
-662.836670 -15.681485 43.751228	-649.353638 -15.681485 61.008659
1 -0.788016 0.000000 0.615655	0 0.000000 0.000000 0.000000
Replay Camera Trigger
CAMERA_ELEMENT 4
-757.139343 -36.925549 520.854858
1.000000 0.000000 0.000000	0.000000 1.000000 0.000000	0.000000 0.000000 1.000000
0 0.000000 1
1 1 12 0 0 3.000000 0 37.500000 0.600000
0.000000 0.000000 0.000000
c10
TRIGGER_ELEMENT 5
-742.115417 -29.319136 227.743027
0.000000 0.000000 1.000000	0.000000 1.000000 0.000000	-1.000000 0.000000 0.000000
6 1 1.000000 19.400000 0.250000 0.000000 200.000000 -1 -1 -1 -1 25 -1 0 0 0 0
-751.815430 -29.319136 227.743027	-732.415405 -29.319136 227.743027
1 0.000000 0.000000 1.000000	0 0.000000 0.000000 0.000000
Replay Camera Trigger
TRIGGER_ELEMENT 5
-741.756104 -29.177021 226.084839
0.017453 0.000000 -0.999848	0.000000 1.000000 0.000000	0.999848 0.000000 0.017453
6 1 1.000000 22.100000 0.250000 0.000000 200.000000 -1 -1 -1 -1 22 -1 0 0 0 0
-730.707764 -29.177021 226.277695	-752.804443 -29.177021 225.891983
1 0.017456 0.000000 -0.999848	0 0.000000 0.000000 0.000000
Replay Camera Trigger
CAMERA_ELEMENT 4
-689.808105 -41.440113 775.921997
1.000000 0.000000 0.000000	0.000000 1.000000 0.000000	0.000000 0.000000 1.000000
0 0.000000 1
1 1 12 1 0 3.000000 0 37.500000 0.600000
0.000000 0.000000 0.000000
c11
CAMERA_ELEMENT 4
-653.188904 -43.467701 772.380005
1.000000 0.000000 0.000000	0.000000 1.000000 0.000000	0.000000 0.000000 1.000000
0 0.000000 1
1 1 12 1 0 3.000000 0 37.500000 0.600000
0.000000 0.000000 0.000000
c11a
TRIGGER_ELEMENT 5
-674.530762 -44.285778 611.673584
-0.529919 0.000000 -0.848048	0.000000 1.000000 0.000000	0.848048 0.000000 -0.529919
6 1 1.000000 28.199999 0.250000 0.000000 200.000000 -1 -1 -1 -1 29 -1 0 0 0 0
-662.573303 -44.285778 604.201721	-686.488220 -44.285778 619.145447
2 0.529922 0.000000 0.848046	0 0.000000 0.000000 0.000000
Replay Camera Trigger
TRIGGER_ELEMENT 5
-696.414734 -44.289257 624.617310
0.500000 0.000000 0.866025	0.000000 1.000000 0.000000	-0.866025 0.000000 0.500000
6 1 1.000000 22.599998 0.250000 0.000000 200.000000 -1 -1 -1 -1 28 -1 0 0 0 0
-706.200806 -44.289257 630.267334	-686.628662 -44.289257 618.967285
1 0.499999 0.000000 0.866026	0 0.000000 0.000000 0.000000
Replay Camera Trigger
TRIGGER_ELEMENT 5
-689.745422 -44.341976 615.817322
-0.500000 0.000000 -0.866025	0.000000 1.000000 0.000000	0.866025 0.000000 -0.500000
6 1 1.000000 44.200001 0.250000 0.000000 200.000000 -1 -1 -1 -1 25 -1 0 0 0 0
-670.606262 -44.341976 604.767334	-708.884583 -44.341976 626.867310
1 -0.499999 0.000000 -0.866026	0 0.000000 0.000000 0.000000
Replay Camera Trigger
CAMERA_ELEMENT 4
-636.851074 -39.526089 858.395203
0.117320 -0.921456 0.370340	-0.453583 -0.381465 -0.805447	0.883458 -0.073486 -0.462711
0 0.000000 1
1 1 12 0 0 3.000000 1 37.500000 0.600000
0.000000 0.000000 0.000000
c12
TRIGGER_ELEMENT 5
-669.756592 -45.816399 772.673096
0.087156 0.000000 0.996195	0.000000 1.000000 0.000000	-0.996195 0.000000 0.087156
6 1 1.000000 44.900002 0.250000 0.000000 200.000000 -1 -1 -1 -1 33 -1 0 0 0 0
-692.121155 -45.816399 774.629761	-647.392029 -45.816399 770.716431
1 0.087156 0.000000 0.996195	0 0.000000 0.000000 0.000000
Replay Camera Trigger
TRIGGER_ELEMENT 5
-659.578491 -45.799568 759.958008
0.052336 0.000000 -0.998630	0.000000 1.000000 0.000000	0.998630 0.000000 0.052336
6 1 1.000000 26.299999 0.250000 0.000000 200.000000 -1 -1 -1 -1 29 -1 0 0 0 0
-646.446533 -45.799568 760.646240	-672.710449 -45.799568 759.269775
1 0.052306 0.000000 -0.998631	0 0.000000 0.000000 0.000000
Replay Camera Trigger
TRIGGER_ELEMENT 5
-685.906494 -45.714855 758.611084
0.052336 0.000000 -0.998630	0.000000 1.000000 0.000000	0.998630 0.000000 0.052336
6 1 1.000000 26.299999 0.250000 0.000000 200.000000 -1 -1 -1 -1 28 -1 0 0 0 0
-672.774536 -45.714855 759.299316	-699.038452 -45.714855 757.922852
1 0.052306 0.000000 -0.998631	0 0.000000 0.000000 0.000000
Replay Camera Trigger
CAMERA_ELEMENT 4
-526.005432 -31.577789 738.456177
1.000000 0.000000 0.000000	0.000000 1.000000 0.000000	0.000000 0.000000 1.000000
0 0.000000 1
1 1 12 1 0 5.000000 0 37.500000 0.600000
0.000000 0.000000 0.000000
c13
TRIGGER_ELEMENT 5
-562.135132 -45.896381 826.385193
0.390731 0.000000 -0.920505	0.000000 1.000000 0.000000	0.920505 0.000000 0.390731
6 1 1.000000 30.100000 0.250000 0.000000 200.000000 -1 -1 -1 -1 37 -1 0 0 0 0
-548.281555 -45.896381 832.265686	-575.988708 -45.896381 820.504700
1 0.390735 0.000000 -0.920503	0 0.000000 0.000000 0.000000
Replay Camera Trigger
TRIGGER_ELEMENT 5
-562.787781 -45.934444 827.766296
-0.406736 0.000000 0.913546	0.000000 1.000000 0.000000	-0.913546 0.000000 -0.406736
6 1 1.000000 23.400000 0.250000 0.000000 200.000000 -1 -1 -1 -1 33 -1 0 0 0 0
-573.476257 -45.934444 823.007507	-552.099304 -45.934444 832.525085
1 -0.406727 0.000000 0.913550	0 0.000000 0.000000 0.000000
Replay Camera Trigger
CAMERA_ELEMENT 4
-594.934998 -14.056376 594.292053
1.000000 0.000000 0.000000	0.000000 1.000000 0.000000	0.000000 0.000000 1.000000
0 0.000000 1
1 1 12 0 0 3.000000 1 25.000000 0.600000
0.000000 0.000000 0.000000
c14
TRIGGER_ELEMENT 5
-547.314270 -28.402719 680.621765
-0.559193 0.000000 -0.829038	0.000000 1.000000 0.000000	0.829038 0.000000 -0.559193
6 1 1.000000 26.700001 0.250000 0.000000 200.000000 -1 -1 -1 -1 40 -1 0 0 0 0
-536.246643 -28.402719 673.156555	-558.381897 -28.402719 688.086975
1 -0.559199 0.000000 -0.829033	0 0.000000 0.000000 0.000000
Replay Camera Trigger
TRIGGER_ELEMENT 5
-549.847656 -27.978315 676.676025
0.544639 0.000000 0.838671	0.000000 1.000000 0.000000	-0.838671 0.000000 0.544639
6 1 1.000000 29.700001 0.250000 0.000000 200.000000 -1 -1 -1 -1 37 -1 0 0 0 0
-562.301941 -27.978315 684.763916	-537.393372 -27.978315 668.588135
1 0.544617 0.000000 0.838685	0 0.000000 0.000000 0.000000
Replay Camera Trigger
CAMERA_ELEMENT 4
-535.047424 4.210318 446.959229
1.000000 0.000000 0.000000	0.000000 1.000000 0.000000	0.000000 0.000000 1.000000
0 0.000000 1
1 1 12 0 0 3.000000 1 37.500000 0.600000
0.000000 0.000000 0.000000
c15
TRIGGER_ELEMENT 5
-550.368835 -10.985434 537.895386
-0.529919 0.000000 0.848048	0.000000 1.000000 0.000000	-0.848048 0.000000 -0.529919
6 1 1.000000 36.299999 0.250000 0.000000 200.000000 -1 -1 -1 -1 40 -1 0 0 0 0
-565.760925 -10.985434 528.277344	-534.976746 -10.985434 547.513428
1 -0.529922 0.000000 0.848046	0 0.000000 0.000000 0.000000
Replay Camera Trigger
TRIGGER_ELEMENT 5
-547.447937 -10.624656 536.219116
0.515038 0.000000 -0.857167	0.000000 1.000000 0.000000	0.857167 0.000000 0.515038
6 1 1.000000 39.700001 0.250000 0.000000 200.000000 -1 -1 -1 -1 43 -1 0 0 0 0
-530.433167 -10.624656 546.442627	-564.462708 -10.624656 525.995605
1 0.515016 0.000000 -0.857180	0 0.000000 0.000000 0.000000
Replay Camera Trigger
CAMERA_ELEMENT 4
-522.669189 27.425074 309.861816
1.000000 0.000000 0.000000	0.000000 1.000000 0.000000	0.000000 0.000000 1.000000
0 0.000000 1
1 1 12 1 0 6.000000 0 37.500000 0.600000
0.000000 0.000000 0.000000
c16
TRIGGER_ELEMENT 5
-562.307678 10.754558 375.055328
0.207912 0.000000 -0.978148	0.000000 1.000000 0.000000	0.978148 0.000000 0.207912
6 1 1.000000 36.500000 0.250000 0.000000 200.000000 -1 -1 -1 -1 46 -1 0 0 0 0
-544.456482 10.754558 378.849731	-580.158875 10.754558 371.260925
1 0.207887 0.000000 -0.978153	0 0.000000 0.000000 0.000000
Replay Camera Trigger
TRIGGER_ELEMENT 5
-562.633911 10.291704 377.683075
-0.207912 0.000000 0.978148	0.000000 1.000000 0.000000	-0.978148 0.000000 -0.207912
6 1 1.000000 35.400002 0.250000 0.000000 200.000000 -1 -1 -1 -1 43 -1 0 0 0 0
-579.947144 10.291704 374.003052	-545.320679 10.291704 381.363098
1 -0.207887 0.000000 0.978153	0 0.000000 0.000000 0.000000
Replay Camera Trigger
CAMERA_ELEMENT 4
-347.092377 40.569366 323.475555
1.000000 0.000000 0.000000	0.000000 1.000000 0.000000	0.000000 0.000000 1.000000
0 0.000000 1
1 1 12 1 0 3.000000 0 37.500000 0.600000
0.000000 0.000000 0.000000
c17
TRIGGER_ELEMENT 5
-460.778931 28.296394 310.667023
1.000000 0.000000 0.000000	0.000000 1.000000 0.000000	0.000000 0.000000 1.000000
6 1 1.000000 36.400002 0.250000 0.000000 200.000000 -1 -1 -1 -1 49 -1 0 0 0 0
-460.778931 28.296394 328.867035	-460.778931 28.296394 292.467010
1 1.000000 0.000000 0.000000	0 0.000000 0.000000 0.000000
Replay Camera Trigger
TRIGGER_ELEMENT 5
-464.427429 28.082249 310.610992
-1.000000 0.000000 0.000000	0.000000 1.000000 0.000000	0.000000 0.000000 -1.000000
6 1 1.000000 40.599998 0.250000 0.000000 200.000000 -1 -1 -1 -1 46 -1 0 0 0 0
-464.427429 28.082249 290.311005	-464.427429 28.082249 330.910980
1 -1.000000 0.000000 0.000000	0 0.000000 0.000000 0.000000
Replay Camera Trigger
CAMERA_ELEMENT 4
-256.178467 39.717209 311.815491
1.000000 0.000000 0.000000	0.000000 1.000000 0.000000	0.000000 0.000000 1.000000
0 0.000000 1
1 1 12 0 0 3.000000 1 37.500000 0.600000
0.000000 0.000000 0.000000
c18
TRIGGER_ELEMENT 5
-316.103149 32.571522 307.910400
0.939693 0.000000 -0.342020	0.000000 1.000000 0.000000	0.342020 0.000000 0.939693
6 1 1.000000 32.400002 0.250000 0.000000 200.000000 -1 -1 -1 -1 52 -1 0 0 0 0
-310.562439 32.571522 323.133423	-321.643860 32.571522 292.687378
1 0.939696 0.000000 -0.342010	0 0.000000 0.000000 0.000000
Replay Camera Trigger
TRIGGER_ELEMENT 5
-317.909393 32.544308 308.655975
-0.945519 0.000000 0.325568	0.000000 1.000000 0.000000	-0.325568 0.000000 -0.945519
6 1 1.000000 29.600000 0.250000 0.000000 200.000000 -1 -1 -1 -1 49 -1 0 0 0 0
-322.727814 32.544308 294.662292	-313.090973 32.544308 322.649658
1 -0.945521 0.000000 0.325560	0 0.000000 0.000000 0.000000
Replay Camera Trigger
CAMERA_ELEMENT 4
-328.070190 35.335011 433.270050
1.000000 0.000000 0.000000	0.000000 1.000000 0.000000	0.000000 0.000000 1.000000
0 0.000000 1
1 1 12 1 1 6.000000 0 37.500000 0.600000
0.000000 0.000000 0.000000
c19
TRIGGER_ELEMENT 5
-258.127625 32.712254 391.259216
0.857167 0.000000 -0.515038	0.000000 1.000000 0.000000	0.515038 0.000000 0.857167
6 1 1.000000 30.100000 0.250000 0.000000 200.000000 -1 -1 -1 -1 55 -1 0 0 0 0
-250.376297 32.712254 404.159576	-265.878937 32.712254 378.358856
2 -0.857167 0.000000 0.515039	0 0.000000 0.000000 0.000000
Replay Camera Trigger
TRIGGER_ELEMENT 5
-256.298737 32.710987 390.529694
-0.838670 0.000000 0.544639	0.000000 1.000000 0.000000	-0.544639 0.000000 -0.838670
6 1 1.000000 30.400003 0.250000 0.000000 200.000000 -1 -1 -1 -1 52 -1 0 0 0 0
-264.577240 32.710987 377.781891	-248.020218 32.710987 403.277496
2 0.838666 0.000000 -0.544646	0 0.000000 0.000000 0.000000
Replay Camera Trigger
CAMERA_ELEMENT 4
-320.690979 24.957045 569.468384
0.402205 -0.098661 -0.910218	0.046820 0.995092 -0.087172	0.914352 -0.007556 0.404850
0 0.000000 1
1 1 12 0 0 3.000000 1 45.000000 0.600000
0.000000 0.000000 0.000000
c20
TRIGGER_ELEMENT 5
-337.825043 21.266426 529.553772
0.453991 0.000000 0.891006	0.000000 1.000000 0.000000	-0.891006 0.000000 0.453991
6 1 1.000000 29.200001 0.250000 0.000000 200.000000 -1 -1 -1 -1 58 -1 0 0 0 0
-350.833740 21.266426 536.182007	-324.816345 21.266426 522.925537
1 0.453988 0.000000 0.891008	0 0.000000 0.000000 0.000000
Replay Camera Trigger
TRIGGER_ELEMENT 5
-339.113312 21.617483 527.394287
-0.342020 0.000000 -0.939693	0.000000 1.000000 0.000000	0.939693 0.000000 -0.342020
6 1 1.000000 29.400000 0.250000 0.000000 200.000000 -1 -1 -1 -1 55 -1 0 0 0 0
-325.299835 21.617483 522.366577	-352.926788 21.617483 532.421997
1 -0.342010 0.000000 -0.939696	0 0.000000 0.000000 0.000000
Replay Camera Trigger
CAMERA_ELEMENT 4
-172.163895 7.270561 715.581970
1.000000 0.000000 0.000000	0.000000 1.000000 0.000000	0.000000 0.000000 1.000000
0 0.000000 1
1 1 12 1 0 5.000000 0 37.500000 0.600000
0.000000 0.000000 0.000000
c21
TRIGGER_ELEMENT 5
-198.159821 5.806892 623.206970
0.838671 0.000000 0.544639	0.000000 1.000000 0.000000	-0.544639 0.000000 0.838671
6 1 1.000000 34.700001 0.250000 0.000000 200.000000 -1 -1 -1 -1 58 -1 0 0 0 0
-207.609314 5.806892 637.757935	-188.710327 5.806892 608.656006
2 -0.838680 0.000000 -0.544624	0 0.000000 0.000000 0.000000
Replay Camera Trigger
TRIGGER_ELEMENT 5
-196.794693 5.682603 624.605835
-0.809017 0.000000 -0.587785	0.000000 1.000000 0.000000	0.587785 0.000000 -0.809017
6 1 1.000000 37.500000 0.250000 0.000000 200.000000 -1 -1 -1 -1 61 -1 0 0 0 0
-185.773712 5.682603 609.436768	-207.815674 5.682603 639.774902
2 0.809026 0.000000 0.587772	0 0.000000 0.000000 0.000000
Replay Camera Trigger
CAMERA_ELEMENT 4
-334.809204 -18.075569 931.099304
-0.997019 0.057459 0.051489	0.054495 0.996873 -0.057224	-0.054616 -0.054248 -0.997033
0 0.000000 1
1 1 12 0 0 3.000000 1 25.000000 0.600000
0.000000 0.000000 0.000000
c22
TRIGGER_ELEMENT 5
-320.931122 -15.624823 806.128845
-0.829037 0.000000 0.559193	0.000000 1.000000 0.000000	-0.559193 0.000000 -0.829037
6 1 1.000000 37.700001 0.250000 0.000000 200.000000 -1 -1 -1 -1 64 -1 0 0 0 0
-331.471924 -15.624823 790.501465	-310.390320 -15.624823 821.756226
1 -0.829033 0.000000 0.559199	0 0.000000 0.000000 0.000000
Replay Camera Trigger
TRIGGER_ELEMENT 5
-319.192535 -15.307718 805.566284
0.848048 0.000000 -0.529919	0.000000 1.000000 0.000000	0.529919 0.000000 0.848048
6 1 1.000000 39.900002 0.250000 0.000000 200.000000 -1 -1 -1 -1 61 -1 0 0 0 0
-308.620636 -15.307718 822.484863	-329.764435 -15.307718 788.647705
1 0.848055 0.000000 -0.529908	0 0.000000 0.000000 0.000000
Replay Camera Trigger
CAMERA_ELEMENT 4
-187.764923 -15.852165 888.996338
0.422958 -0.043990 0.905081	-0.140391 0.983579 0.113413	-0.895207 -0.175034 0.409837
0 0.000000 0
1 1 12 0 0 3.000000 1 37.500000 0.600000
0.000000 0.000000 0.000000
c23
CAMERA_ELEMENT 4
-182.520996 -15.205338 884.256958
1.000000 0.000000 0.000000	0.000000 1.000000 0.000000	0.000000 0.000000 1.000000
0 0.000000 1
1 1 8 0 0 3.000000 0 37.500000 0.600000
0.000000 0.000000 0.000000
c24
TRIGGER_ELEMENT 5
-191.247314 -15.752336 872.781372
0.694658 0.000000 -0.719340	0.000000 1.000000 0.000000	0.719340 0.000000 0.694658
6 1 1.000000 39.099998 0.250000 0.000000 200.000000 -1 -1 -1 -1 68 -1 0 0 0 0
-177.184219 -15.752336 886.361938	-205.310410 -15.752336 859.200806
1 0.694647 0.000000 -0.719351	0 0.000000 0.000000 0.000000
Replay Camera Trigger
TRIGGER_ELEMENT 5
-193.893616 -16.304064 875.855408
-0.669131 0.000000 0.743144	0.000000 1.000000 0.000000	-0.743144 0.000000 -0.669131
6 1 1.000000 39.099998 0.250000 0.000000 200.000000 -1 -1 -1 -1 67 -1 0 0 0 0
-208.422089 -16.304064 862.773926	-179.365143 -16.304064 888.936890
1 -0.669120 0.000000 0.743154	0 0.000000 0.000000 0.000000
Replay Camera Trigger
TRIGGER_ELEMENT 5
-254.949127 -28.355814 933.977722
0.933580 0.000000 -0.358368	0.000000 1.000000 0.000000	0.358368 0.000000 0.933580
6 1 1.000000 36.000000 0.250000 0.000000 200.000000 -1 -1 -1 -1 67 -1 0 0 0 0
-248.498505 -28.355814 950.782166	-261.399750 -28.355814 917.173279
1 0.933590 0.000000 -0.358342	0 0.000000 0.000000 0.000000
Replay Camera Trigger
TRIGGER_ELEMENT 5
-257.640533 -28.609369 935.016418
-0.945518 0.000000 0.325568	0.000000 1.000000 0.000000	-0.325568 0.000000 -0.945518
6 1 1.000000 32.400002 0.250000 0.000000 200.000000 -1 -1 -1 -1 64 -1 0 0 0 0
-262.914734 -28.609369 919.699036	-252.366333 -28.609369 950.333801
1 -0.945521 0.000000 0.325560	0 0.000000 0.000000 0.000000
Replay Camera Trigger
TRIGGER_ELEMENT 5
161.451355 21.891508 437.910889
0.224951 0.000000 0.974370	0.000000 1.000000 0.000000	-0.974370 0.000000 0.224951
6 1 1.000000 35.700001 0.250000 0.000000 200.000000 -1 -1 -1 -1 68 -1 0 0 0 0
144.058853 21.891508 441.926270	178.843857 21.891508 433.895508
1 0.224946 0.000000 0.974371	0 0.000000 0.000000 0.000000
Replay Camera Trigger
CAMERA_ELEMENT 4
140.860077 34.781853 328.092316
0.105208 0.017279 -0.994301	0.098680 0.994732 0.027728	0.989542 -0.101034 0.102948
0 0.000000 1
1 1 12 0 0 3.000000 1 37.000000 0.600000
0.000000 0.000000 0.000000
c25
TRIGGER_ELEMENT 5
160.924103 22.026569 435.855316
-0.207911 0.000000 -0.978147	0.000000 1.000000 0.000000	0.978147 0.000000 -0.207911
6 1 1.000000 37.600002 0.250000 0.000000 200.000000 -1 -1 -1 -1 74 -1 0 0 0 0
179.313278 22.026569 431.946594	142.534927 22.026569 439.764038
1 -0.207916 0.000000 -0.978147	0 0.000000 0.000000 0.000000
Replay Camera Trigger
CAMERA_ELEMENT 4
-15.877426 34.051624 376.520294
1.000000 0.000000 0.000000	0.000000 1.000000 0.000000	0.000000 0.000000 1.000000
0 0.000000 1
1 1 12 1 0 5.000000 0 37.500000 0.600000
0.000000 0.000000 0.000000
c26
TRIGGER_ELEMENT 5
61.045681 24.915960 335.674591
-0.933580 0.000000 0.358368	0.000000 1.000000 0.000000	-0.358368 0.000000 -0.933580
6 1 1.000000 33.100002 0.250000 0.000000 200.000000 -1 -1 -1 -1 76 -1 0 0 0 0
55.114689 24.915960 320.223846	66.976677 24.915960 351.125336
1 -0.933580 0.000000 0.358369	0 0.000000 0.000000 0.000000
Replay Camera Trigger
TRIGGER_ELEMENT 5
64.548965 24.884844 334.725189
0.927184 0.000000 -0.374607	0.000000 1.000000 0.000000	0.374607 0.000000 0.927184
6 1 1.000000 31.700001 0.250000 0.000000 200.000000 -1 -1 -1 -1 74 -1 0 0 0 0
70.486481 24.884844 349.421051	58.611450 24.884844 320.029327
1 0.927185 0.000000 -0.374603	0 0.000000 0.000000 0.000000
Replay Camera Trigger
TRIGGER_ELEMENT 5
-99.027794 32.165359 360.605621
0.951056 0.000000 0.309017	0.000000 1.000000 0.000000	-0.309017 0.000000 0.951056
6 1 1.000000 26.400000 0.250000 0.000000 200.000000 -1 -1 -1 -1 76 -1 0 0 0 0
-103.106819 32.165359 373.159576	-94.948769 32.165359 348.051666
1 0.951055 0.000000 0.309020	0 0.000000 0.000000 0.000000
Replay Camera Trigger
TRIGGER_ELEMENT 5
-104.270378 32.276035 359.300415
-0.927184 0.000000 -0.374606	0.000000 1.000000 0.000000	0.374606 0.000000 -0.927184
6 1 1.000000 32.700001 0.250000 0.000000 200.000000 -1 -1 -1 -1 0 -1 0 0 0 0
-98.145569 32.276035 344.140961	-110.395187 32.276035 374.459869
1 -0.927185 0.000000 -0.374603	0 0.000000 0.000000 0.000000
Replay Camera Trigger
CAMERA_ELEMENT 4
202.835175 29.130196 292.285339
1.000000 0.000000 0.000000	0.000000 1.000000 0.000000	0.000000 0.000000 1.000000
0 0.000000 1
1 1 8 0 0 3.000000 0 37.500000 0.600000
0.000000 0.000000 0.000000
c41shot
TRIGGER_ELEMENT 5
208.661224 24.600307 292.175293
0.978148 0.000000 -0.207912	0.000000 1.000000 0.000000	0.207912 0.000000 0.978148
6 1 1.000000 13.400001 0.250000 0.000000 200.000000 -1 -1 -1 -1 81 -1 0 0 0 0
210.054230 24.600307 298.728882	207.268219 24.600307 285.621704
1 0.978147 0.000000 -0.207916	0 0.000000 0.000000 0.000000
Replay Camera Trigger
TRIGGER_ELEMENT 5
217.738571 -1.950306 -27.790609
0.978148 0.000000 0.207912	0.000000 1.000000 0.000000	-0.207912 0.000000 0.978148
6 1 1.000000 17.299999 0.250000 0.000000 200.000000 -1 -1 -1 -1 81 -1 0 0 0 0
215.940140 -1.950306 -19.329632	219.537003 -1.950306 -36.251587
1 0.978148 0.000000 0.207912	0 0.000000 0.000000 0.000000
Replay Camera Trigger
TRIGGER_ELEMENT 5
208.730774 24.657063 305.567688
-0.965926 0.000000 0.258819	0.000000 1.000000 0.000000	-0.258819 0.000000 -0.965926
6 1 1.000000 40.700001 0.250000 0.000000 200.000000 -1 -1 -1 -1 74 -1 0 0 0 0
203.463806 24.657063 285.911102	213.997742 24.657063 325.224274
1 -0.965926 0.000000 0.258819	0 0.000000 0.000000 0.000000
Replay Camera Trigger
CAMERA_ELEMENT 4
316.895844 24.462364 221.679565
1.000000 0.000000 0.000000	0.000000 1.000000 0.000000	0.000000 0.000000 1.000000
0 0.000000 1
1 1 12 1 0 6.000000 0 37.500000 0.600000
0.000000 0.000000 0.000000
c41
TRIGGER_ELEMENT 5
272.748932 21.651711 276.804016
0.601815 0.000000 -0.798636	0.000000 1.000000 0.000000	0.798636 0.000000 0.601815
6 1 1.000000 25.700001 0.250000 0.000000 200.000000 -1 -1 -1 -1 85 -1 0 0 0 0
283.011414 21.651711 284.537354	262.486450 21.651711 269.070679
1 0.601805 0.000000 -0.798643	0 0.000000 0.000000 0.000000
Replay Camera Trigger
TRIGGER_ELEMENT 5
271.932007 21.724518 277.959076
-0.669130 0.000000 0.743145	0.000000 1.000000 0.000000	-0.743145 0.000000 -0.669130
6 1 1.000000 25.700001 0.250000 0.000000 200.000000 -1 -1 -1 -1 74 -1 0 0 0 0
262.382599 21.724518 269.360748	281.481415 21.724518 286.557404
1 -0.669135 0.000000 0.743141	0 0.000000 0.000000 0.000000
Replay Camera Trigger
CAMERA_ELEMENT 4
246.425964 3.308116 -79.880821
-0.102118 -0.016946 0.994628	-0.109071 0.994018 0.005737	-0.988775 -0.107899 -0.103356
0 0.000000 1
1 1 12 0 0 3.000000 1 25.000000 0.600000
0.000000 0.000000 0.000000
c42
TRIGGER_ELEMENT 5
350.552338 4.308074 94.027039
-0.087156 0.000000 -0.996195	0.000000 1.000000 0.000000	0.996195 0.000000 -0.087156
6 1 1.000000 26.800001 0.250000 0.000000 200.000000 -1 -1 -1 -1 88 -1 0 0 0 0
363.901337 4.308074 92.859154	337.203339 4.308074 95.194923
1 -0.087158 0.000000 -0.996194	0 0.000000 0.000000 0.000000
Replay Camera Trigger
TRIGGER_ELEMENT 5
350.882019 4.497722 96.678154
0.052335 0.000000 0.998629	0.000000 1.000000 0.000000	-0.998629 0.000000 0.052335
6 1 1.000000 26.799999 0.250000 0.000000 200.000000 -1 -1 -1 -1 85 -1 0 0 0 0
337.500397 4.497722 97.379448	364.263641 4.497722 95.976860
1 0.052338 0.000000 0.998629	0 0.000000 0.000000 0.000000
Replay Camera Trigger
TRIGGER_ELEMENT 5
217.121811 -2.076601 -27.989025
-0.978147 0.000000 -0.207912	0.000000 1.000000 0.000000	0.207912 0.000000 -0.978147
6 1 1.000000 14.200000 0.250000 0.000000 200.000000 -1 -1 -1 -1 88 -1 0 0 0 0
218.597992 -2.076601 -34.933872	215.645630 -2.076601 -21.044178
1 -0.978148 0.000000 -0.207912	0 0.000000 0.000000 0.000000
Replay Camera Trigger
TRIGGER_ELEMENT 5
140.968750 -10.815415 -105.847466
0.731354 0.000000 0.681998	0.000000 1.000000 0.000000	-0.681998 0.000000 0.731354
6 1 1.000000 42.600002 0.250000 0.000000 200.000000 -1 -1 -1 -1 88 -1 0 0 0 0
126.442184 -10.815415 -90.269630	155.495316 -10.815415 -121.425301
1 0.731353 0.000000 0.681999	0 0.000000 0.000000 0.000000
Replay Camera Trigger
TRIGGER_ELEMENT 5
139.338165 -10.780489 -107.525009
-0.777146 0.000000 -0.629320	0.000000 1.000000 0.000000	0.629320 0.000000 -0.777146
6 1 1.000000 41.700001 0.250000 0.000000 200.000000 -1 -1 -1 -1 13 -1 0 0 0 0
152.459488 -10.780489 -123.728508	126.216843 -10.780489 -91.321510
1 -0.777147 0.000000 -0.629319	0 0.000000 0.000000 0.000000
Replay Camera Trigger
