CAMERA_ELEMENT 4
-183.945236 36.522900 325.160583
1.000000 0.000000 0.000000	0.000000 1.000000 0.000000	0.000000 0.000000 1.000000
0 0.000000 1
1 1 12 0 2 3.000000 1 37.500000 0.600000
0.000000 0.000000 0.000000
c1
TRIGGER_ELEMENT 5
-273.218323 32.763489 397.518097
0.857167 0.000000 -0.515038	0.000000 1.000000 0.000000	0.515038 0.000000 0.857167
6 1 1.000000 25.000000 0.250000 0.000000 200.000000 -1 -1 -1 -1 0 -1 0 0 0 0
-266.780334 32.763489 408.232697	-279.656311 32.763489 386.803497
1 0.857163 0.000000 -0.515045	0 0.000000 0.000000 0.000000
Replay Camera Trigger
CAMERA_ELEMENT 4
8.018956 31.666006 273.030762
0.091199 0.143081 0.985500	0.078417 0.985519 -0.150340	-0.992740 0.090990 0.078658
0 0.000000 1
1 1 12 1 1 4.000000 0 37.500000 0.600000
0.000000 0.000000 0.000000
c2
TRIGGER_ELEMENT 5
-93.620293 31.632538 297.904816
0.956305 0.000000 -0.292372	0.000000 1.000000 0.000000	0.292372 0.000000 0.956305
6 1 1.000000 31.000000 0.250000 0.000000 200.000000 -1 -1 -1 -1 2 -1 0 0 0 0
-89.088531 31.632538 312.727539	-98.152054 31.632538 283.082092
1 0.956309 0.000000 -0.292359	0 0.000000 0.000000 0.000000
Replay Camera Trigger
TRIGGER_ELEMENT 5
-96.572823 31.721743 298.946533
-0.965926 0.000000 0.258819	0.000000 1.000000 0.000000	-0.258819 0.000000 -0.965926
6 1 1.000000 38.800003 0.250000 0.000000 200.000000 -1 -1 -1 -1 0 -1 0 0 0 0
-101.593918 31.721743 280.207581	-91.551727 31.721743 317.685486
1 -0.965926 0.000000 0.258819	0 0.000000 0.000000 0.000000
Replay Camera Trigger
CAMERA_ELEMENT 4
61.409351 28.707119 126.733070
1.000000 0.000000 0.000000	0.000000 1.000000 0.000000	0.000000 0.000000 1.000000
0 0.000000 1
1 1 12 1 0 3.000000 0 37.500000 0.600000
0.000000 0.000000 0.000000
c3
TRIGGER_ELEMENT 5
74.907875 24.606426 199.473358
0.258819 0.000000 -0.965926	0.000000 1.000000 0.000000	0.965926 0.000000 0.258819
6 1 1.000000 34.100002 0.250000 0.000000 200.000000 -1 -1 -1 -1 5 -1 0 0 0 0
91.376907 24.606426 203.886230	58.438839 24.606426 195.060486
1 0.258819 0.000000 -0.965926	0 0.000000 0.000000 0.000000
Replay Camera Trigger
TRIGGER_ELEMENT 5
75.201462 24.755642 200.913727
-0.258819 0.000000 0.965926	0.000000 1.000000 0.000000	-0.965926 0.000000 -0.258819
6 1 1.000000 34.000004 0.250000 0.000000 200.000000 -1 -1 -1 -1 2 -1 0 0 0 0
58.780724 24.755642 196.513809	91.622200 24.755642 205.313644
1 -0.258819 0.000000 0.965926	0 0.000000 0.000000 0.000000
Replay Camera Trigger
CAMERA_ELEMENT 4
-225.864609 19.301205 128.345383
0.135866 -0.143073 -0.980342	0.866793 0.496383 0.047686	0.479802 -0.856232 0.191456
0 0.000000 1
1 1 12 0 0 3.000000 1 37.500000 0.600000
0.000000 0.000000 0.000000
c4
TRIGGER_ELEMENT 5
-76.742531 12.637478 156.848816
-0.981627 0.000000 0.190809	0.000000 1.000000 0.000000	-0.190809 0.000000 -0.981627
6 1 1.000000 58.799999 0.250000 0.000000 200.000000 -1 -1 -1 -1 8 -1 0 0 0 0
-82.352325 12.637478 127.988983	-71.132736 12.637478 185.708649
1 -0.981627 0.000000 0.190811	0 0.000000 0.000000 0.000000
Replay Camera Trigger
TRIGGER_ELEMENT 5
-74.291862 12.842678 156.700165
0.978147 0.000000 -0.207912	0.000000 1.000000 0.000000	0.207912 0.000000 0.978147
6 1 1.000000 61.400005 0.250000 0.000000 200.000000 -1 -1 -1 -1 5 -1 0 0 0 0
-67.908974 12.842678 186.729294	-80.674751 12.842678 126.671036
1 0.978147 0.000000 -0.207916	0 0.000000 0.000000 0.000000
Replay Camera Trigger
CAMERA_ELEMENT 4
-40.358246 0.138192 58.338474
1.000000 0.000000 0.000000	0.000000 1.000000 0.000000	0.000000 0.000000 1.000000
0 0.000000 1
1 1 12 1 0 3.000000 0 37.500000 0.600000
0.000000 0.000000 0.000000
c5
TRIGGER_ELEMENT 5
-92.189537 -2.659098 90.916763
0.956305 0.000000 -0.292372	0.000000 1.000000 0.000000	0.292372 0.000000 0.956305
6 1 1.000000 28.200001 0.250000 0.000000 200.000000 -1 -1 -1 -1 11 -1 0 0 0 0
-88.067093 -2.659098 104.400665	-96.311981 -2.659098 77.432861
1 0.956304 0.000000 -0.292373	0 0.000000 0.000000 0.000000
Replay Camera Trigger
TRIGGER_ELEMENT 5
-93.216095 -2.500652 91.708450
-0.956305 0.000000 0.292372	0.000000 1.000000 0.000000	-0.292372 0.000000 -0.956305
6 1 1.000000 28.200001 0.250000 0.000000 200.000000 -1 -1 -1 -1 8 -1 0 0 0 0
-97.338539 -2.500652 78.224556	-89.093651 -2.500652 105.192345
1 -0.956304 0.000000 0.292373	0 0.000000 0.000000 0.000000
Replay Camera Trigger
CAMERA_ELEMENT 4
-147.363510 -4.550118 -129.051758
0.559210 0.001215 -0.829025	-0.000750 0.999999 0.000960	0.829026 0.000085 0.559211
0 0.000000 0
1 1 12 0 0 3.000000 1 37.500000 0.600000
0.000000 0.000000 0.000000
c6
TRIGGER_ELEMENT 5
-83.394302 -7.884602 -102.426056
-0.707106 0.000000 -0.707107	0.000000 1.000000 0.000000	0.707107 0.000000 -0.707106
6 1 1.000000 22.200001 0.250000 0.000000 200.000000 -1 -1 -1 -1 14 -1 0 0 0 0
-75.545418 -7.884602 -110.274940	-91.243187 -7.884602 -94.577171
1 -0.707107 0.000000 -0.707107	0 0.000000 0.000000 0.000000
Replay Camera Trigger
CAMERA_ELEMENT 4
-405.913422 -8.918445 -69.951050
1.000000 0.000000 0.000000	0.000000 1.000000 0.000000	0.000000 0.000000 1.000000
0 0.000000 1
1 1 12 0 0 3.000000 1 37.500000 0.600000
0.000000 0.000000 0.000000
c7
TRIGGER_ELEMENT 5
-152.123535 -8.332144 -109.584572
0.990268 0.000000 -0.139173	0.000000 1.000000 0.000000	0.139173 0.000000 0.990268
6 1 1.000000 32.900002 0.250000 0.000000 200.000000 -1 -1 -1 -1 14 -1 0 0 0 0
-149.834137 -8.332144 -93.294662	-154.412933 -8.332144 -125.874481
1 0.990268 0.000000 -0.139176	0 0.000000 0.000000 0.000000
Replay Camera Trigger
TRIGGER_ELEMENT 5
-154.726425 -8.363647 -109.290718
-0.990268 0.000000 0.139174	0.000000 1.000000 0.000000	-0.139174 0.000000 -0.990268
6 1 1.000000 29.100000 0.250000 0.000000 200.000000 -1 -1 -1 -1 16 -1 0 0 0 0
-156.751404 -8.363647 -123.699120	-152.701447 -8.363647 -94.882317
1 -0.990268 0.000000 0.139176	0 0.000000 0.000000 0.000000
Replay Camera Trigger
TRIGGER_ELEMENT 5
-82.073967 -7.893340 -101.520370
0.681998 0.000000 0.731354	0.000000 1.000000 0.000000	-0.731354 0.000000 0.681998
6 1 1.000000 22.200001 0.250000 0.000000 200.000000 -1 -1 -1 -1 11 -1 0 0 0 0
-90.191994 -7.893340 -93.950188	-73.955940 -7.893340 -109.090553
1 0.681999 0.000000 0.731353	0 0.000000 0.000000 0.000000
Replay Camera Trigger
CAMERA_ELEMENT 4
-677.357849 -13.014047 59.997795
1.000000 0.000000 0.000000	0.000000 1.000000 0.000000	0.000000 0.000000 1.000000
0 0.000000 1
1 1 12 1 0 4.000000 0 37.500000 0.600000
0.000000 0.000000 0.000000
c8
TRIGGER_ELEMENT 5
-478.791351 -11.930546 -40.142509
0.933581 0.000000 -0.358368	0.000000 1.000000 0.000000	0.358368 0.000000 0.933581
6 1 1.000000 23.600000 0.250000 0.000000 200.000000 -1 -1 -1 -1 16 -1 0 0 0 0
-474.562622 -11.930546 -29.126259	-483.020081 -11.930546 -51.158760
1 0.933582 0.000000 -0.358363	0 0.000000 0.000000 0.000000
Replay Camera Trigger
TRIGGER_ELEMENT 5
-481.318939 -11.964713 -39.346077
-0.920505 0.000000 0.390731	0.000000 1.000000 0.000000	-0.390731 0.000000 -0.920505
6 1 1.000000 25.100000 0.250000 0.000000 200.000000 -1 -1 -1 -1 20 -1 0 0 0 0
-486.222626 -11.964713 -50.898411	-476.415253 -11.964713 -27.793743
1 -0.920504 0.000000 0.390733	0 0.000000 0.000000 0.000000
Replay Camera Trigger
CAMERA_ELEMENT 4
-753.302551 -32.374622 310.852692
1.000000 0.000000 0.000000	0.000000 1.000000 0.000000	0.000000 0.000000 1.000000
0 0.000000 1
1 1 12 1 0 3.000000 0 37.500000 0.600000
0.000000 0.000000 0.000000
c9
TRIGGER_ELEMENT 5
-720.877625 -20.185974 124.575371
-0.469471 0.000000 0.882948	0.000000 1.000000 0.000000	-0.882948 0.000000 -0.469471
6 1 1.000000 31.900000 0.250000 0.000000 200.000000 -1 -1 -1 -1 23 -1 0 0 0 0
-734.960632 -20.185974 117.087303	-706.794617 -20.185974 132.063431
1 -0.469479 0.000000 0.882944	0 0.000000 0.000000 0.000000
Replay Camera Trigger
TRIGGER_ELEMENT 5
-720.034912 -20.044500 122.731133
0.469472 0.000000 -0.882947	0.000000 1.000000 0.000000	0.882947 0.000000 0.469472
6 1 1.000000 28.700001 0.250000 0.000000 200.000000 -1 -1 -1 -1 20 -1 0 0 0 0
-707.364624 -20.044500 129.468048	-732.705200 -20.044500 115.994217
1 0.469479 0.000000 -0.882944	0 0.000000 0.000000 0.000000
Replay Camera Trigger
CAMERA_ELEMENT 4
-716.436890 -40.231590 593.466919
0.951381 0.036948 -0.305794	-0.027994 0.999043 0.033614	0.306743 -0.023419 0.951504
0 0.000000 1
1 1 12 0 0 3.000000 1 24.000000 0.600000
0.000000 0.000000 0.000000
c10
TRIGGER_ELEMENT 5
-752.428589 -39.880005 439.240356
0.000000 0.000000 1.000000	0.000000 1.000000 0.000000	-1.000000 0.000000 0.000000
6 1 1.000000 20.100000 0.250000 0.000000 200.000000 -1 -1 -1 -1 26 -1 0 0 0 0
-762.478577 -39.880005 439.240356	-742.378601 -39.880005 439.240356
1 0.000000 0.000000 1.000000	0 0.000000 0.000000 0.000000
Replay Camera Trigger
TRIGGER_ELEMENT 5
-752.224792 -39.826607 437.460266
0.034900 0.000000 -0.999391	0.000000 1.000000 0.000000	0.999391 0.000000 0.034900
6 1 1.000000 22.600000 0.250000 0.000000 200.000000 -1 -1 -1 -1 23 -1 0 0 0 0
-740.931702 -39.826607 437.854645	-763.517883 -39.826607 437.065887
1 0.034912 0.000000 -0.999390	0 0.000000 0.000000 0.000000
Replay Camera Trigger
CAMERA_ELEMENT 4
-659.896423 -42.392326 854.246826
-0.994498 0.103799 0.014097	0.101746 0.989182 -0.105673	-0.024913 -0.103657 -0.994301
0 0.000000 1
1 1 12 0 0 3.000000 1 37.500000 0.600000
0.000000 0.000000 0.000000
c11
TRIGGER_ELEMENT 5
-671.588745 -45.770771 775.881226
-0.017452 0.000000 0.999848	0.000000 1.000000 0.000000	-0.999848 0.000000 -0.017452
6 1 1.000000 43.400002 0.250000 0.000000 200.000000 -1 -1 -1 -1 29 -1 0 0 0 0
-693.285461 -45.770771 775.502502	-649.892029 -45.770771 776.259949
1 -0.017456 0.000000 0.999848	0 0.000000 0.000000 0.000000
Replay Camera Trigger
TRIGGER_ELEMENT 5
-671.356567 -45.775410 774.742554
0.000000 0.000000 -1.000000	0.000000 1.000000 0.000000	1.000000 0.000000 0.000000
6 1 1.000000 49.400002 0.250000 0.000000 200.000000 -1 -1 -1 -1 26 -1 0 0 0 0
-646.656555 -45.775410 774.742554	-696.056580 -45.775410 774.742554
1 0.000000 0.000000 -1.000000	0 0.000000 0.000000 0.000000
Replay Camera Trigger
CAMERA_ELEMENT 4
-461.128265 -31.926737 1046.175903
1.000000 0.000000 0.000000	0.000000 1.000000 0.000000	0.000000 0.000000 1.000000
0 0.000000 1
1 1 12 1 0 6.000000 0 37.500000 0.600000
0.000000 0.000000 0.000000
c12
TRIGGER_ELEMENT 5
-546.197449 -46.961010 930.286987
0.529919 0.000000 0.848048	0.000000 1.000000 0.000000	-0.848048 0.000000 0.529919
6 1 1.000000 28.600002 0.250000 0.000000 200.000000 -1 -1 -1 -1 32 -1 0 0 0 0
-558.324524 -46.961010 937.864807	-534.070374 -46.961010 922.709167
1 0.529922 0.000000 0.848046	0 0.000000 0.000000 0.000000
Replay Camera Trigger
TRIGGER_ELEMENT 5
-546.822937 -46.967297 929.089905
-0.529919 0.000000 -0.848048	0.000000 1.000000 0.000000	0.848048 0.000000 -0.529919
6 1 1.000000 34.700001 0.250000 0.000000 200.000000 -1 -1 -1 -1 29 -1 0 0 0 0
-532.109314 -46.967297 919.895813	-561.536560 -46.967297 938.283997
1 -0.529922 0.000000 -0.848046	0 0.000000 0.000000 0.000000
Replay Camera Trigger
CAMERA_ELEMENT 4
-350.719696 -10.313066 836.224731
-0.551457 0.155528 -0.819576	-0.014205 0.980573 0.195638	0.834083 0.119528 -0.538535
0 0.000000 1
1 1 12 0 0 3.000000 1 15.000000 0.600000
0.000000 0.000000 0.000000
c13
TRIGGER_ELEMENT 5
-347.754303 -30.671116 1012.659363
-0.754709 0.000000 0.656059	0.000000 1.000000 0.000000	-0.656059 0.000000 -0.754709
6 1 1.000000 51.000000 0.250000 0.000000 200.000000 -1 -1 -1 -1 35 -1 0 0 0 0
-364.483826 -30.671116 993.414246	-331.024780 -30.671116 1031.904419
2 0.754701 0.000000 -0.656068	0 0.000000 0.000000 0.000000
Replay Camera Trigger
TRIGGER_ELEMENT 5
-349.944672 -30.783258 1014.659424
0.766044 0.000000 -0.642788	0.000000 1.000000 0.000000	0.642788 0.000000 0.766044
6 1 1.000000 57.000000 0.250000 0.000000 200.000000 -1 -1 -1 -1 32 -1 0 0 0 0
-331.625214 -30.783258 1036.491699	-368.264130 -30.783258 992.827148
2 -0.766061 0.000000 0.642768	0 0.000000 0.000000 0.000000
Replay Camera Trigger
CAMERA_ELEMENT 4
-162.973907 12.943172 664.010803
1.000000 0.000000 0.000000	0.000000 1.000000 0.000000	0.000000 0.000000 1.000000
0 0.000000 1
1 1 12 1 0 5.000000 0 37.500000 0.600000
0.000000 0.000000 0.000000
c14
TRIGGER_ELEMENT 5
-228.320969 -2.578120 751.145813
0.798636 0.000000 -0.601815	0.000000 1.000000 0.000000	0.601815 0.000000 0.798636
6 1 1.000000 35.599998 0.250000 0.000000 200.000000 -1 -1 -1 -1 38 -1 0 0 0 0
-217.608658 -2.578120 765.361511	-239.033279 -2.578120 736.930115
1 0.798637 0.000000 -0.601812	0 0.000000 0.000000 0.000000
Replay Camera Trigger
TRIGGER_ELEMENT 5
-230.710587 -2.805858 752.615723
-0.819152 0.000000 0.573577	0.000000 1.000000 0.000000	-0.573577 0.000000 -0.819152
6 1 1.000000 36.099998 0.250000 0.000000 200.000000 -1 -1 -1 -1 35 -1 0 0 0 0
-241.063644 -2.805858 737.830017	-220.357529 -2.805858 767.401428
1 -0.819166 0.000000 0.573557	0 0.000000 0.000000 0.000000
Replay Camera Trigger
CAMERA_ELEMENT 4
-355.136230 36.667931 506.790405
1.000000 0.000000 0.000000	0.000000 1.000000 0.000000	0.000000 0.000000 1.000000
0 0.000000 1
1 1 12 1 0 3.000000 0 37.500000 0.600000
0.000000 0.000000 0.000000
c15
TRIGGER_ELEMENT 5
-256.858246 10.277973 592.665100
0.906308 0.000000 0.422618	0.000000 1.000000 0.000000	-0.422618 0.000000 0.906308
6 1 1.000000 36.099998 0.250000 0.000000 200.000000 -1 -1 -1 -1 41 -1 0 0 0 0
-264.486511 10.277973 609.023926	-249.229980 10.277973 576.306274
2 -0.906312 0.000000 -0.422608	0 0.000000 0.000000 0.000000
Replay Camera Trigger
TRIGGER_ELEMENT 5
-253.154388 10.010261 594.158203
-0.920505 0.000000 -0.390731	0.000000 1.000000 0.000000	0.390731 0.000000 -0.920505
6 1 1.000000 36.700001 0.250000 0.000000 200.000000 -1 -1 -1 -1 38 -1 0 0 0 0
-245.984467 10.010261 577.266968	-260.324310 10.010261 611.049438
2 0.920499 0.000000 0.390746	0 0.000000 0.000000 0.000000
Replay Camera Trigger
TRIGGER_ELEMENT 5
-275.251465 32.782791 399.696411
-0.809017 0.000000 0.587785	0.000000 1.000000 0.000000	-0.587785 0.000000 -0.809017
6 1 1.000000 25.000000 0.250000 0.000000 200.000000 -1 -1 -1 -1 41 -1 0 0 0 0
-282.598785 32.782791 389.583710	-267.904144 32.782791 409.809113
1 -0.809012 0.000000 0.587792	0 0.000000 0.000000 0.000000
Replay Camera Trigger
