CAMERA_ELEMENT 4
-259.611298 39.031063 302.025391
1.000000 0.000000 0.000000	0.000000 1.000000 0.000000	0.000000 0.000000 1.000000
0 0.000000 1
1 1 12 0 0 3.000000 1 37.500000 0.600000
0.000000 0.000000 0.000000
c1
TRIGGER_ELEMENT 5
-294.403290 32.836102 307.276917
-0.754710 0.000000 -0.656059	0.000000 1.000000 0.000000	0.656059 0.000000 -0.754710
6 1 1.000000 33.400002 0.250000 0.000000 200.000000 -1 -1 -1 -1 0 -1 0 0 0 0
-283.447113 32.836102 294.673248	-305.359467 32.836102 319.880585
2 0.754701 0.000000 0.656068	0 0.000000 0.000000 0.000000
Replay Camera Trigger
TRIGGER_ELEMENT 5
-171.463531 32.526958 337.116211
0.939693 0.000000 0.342020	0.000000 1.000000 0.000000	-0.342020 0.000000 0.939693
6 1 1.000000 36.700001 0.250000 0.000000 200.000000 -1 -1 -1 -1 0 -1 0 0 0 0
-177.739594 32.526958 354.359558	-165.187469 32.526958 319.872864
2 -0.939696 0.000000 -0.342010	0 0.000000 0.000000 0.000000
Replay Camera Trigger
CAMERA_ELEMENT 4
-397.992920 33.309101 326.633148
1.000000 0.000000 0.000000	0.000000 1.000000 0.000000	0.000000 0.000000 1.000000
0 0.000000 1
1 1 12 1 0 4.000000 0 37.500000 0.600000
0.000000 0.000000 0.000000
c2
TRIGGER_ELEMENT 5
-295.789551 32.814911 306.304596
-0.788010 0.000000 -0.615662	0.000000 1.000000 0.000000	0.615662 0.000000 -0.788010
6 1 1.000000 33.500000 0.250000 0.000000 200.000000 -1 -1 -1 -1 3 -1 0 0 0 0
-285.477234 32.814911 293.105408	-306.101868 32.814911 319.503784
1 -0.788016 0.000000 -0.615655	0 0.000000 0.000000 0.000000
Replay Camera Trigger
CAMERA_ELEMENT 4
-561.908142 18.645102 340.875305
-0.463861 -0.054014 -0.884260	-0.220386 0.973797 0.056125	0.858058 0.220913 -0.463610
0 0.000000 0
1 1 12 0 0 3.000000 1 37.500000 0.600000
0.000000 0.000000 0.000000
c3
TRIGGER_ELEMENT 5
-500.484558 24.511683 314.872894
-0.990268 0.000000 0.139174	0.000000 1.000000 0.000000	-0.139174 0.000000 -0.990268
6 1 1.000000 39.200001 0.250000 0.000000 200.000000 -1 -1 -1 -1 5 -1 0 0 0 0
-503.212372 24.511683 295.463654	-497.756744 24.511683 334.282135
1 -0.990270 0.000000 0.139161	0 0.000000 0.000000 0.000000
Replay Camera Trigger
TRIGGER_ELEMENT 5
-498.113373 24.725521 315.178436
0.996195 0.000000 -0.087156	0.000000 1.000000 0.000000	0.087156 0.000000 0.996195
6 1 1.000000 39.500000 0.250000 0.000000 200.000000 -1 -1 -1 -1 3 -1 0 0 0 0
-496.392059 24.725521 334.853271	-499.834686 24.725521 295.503601
1 0.996194 0.000000 -0.087159	0 0.000000 0.000000 0.000000
Replay Camera Trigger
CAMERA_ELEMENT 4
-561.285034 18.337519 341.433990
0.992546 0.000000 -0.121869	0.000000 1.000000 0.000000	0.121869 0.000000 0.992546
0 0.000000 0
1 1 12 0 0 3.000000 1 37.500000 0.600000
0.000000 0.000000 0.000000
c4
TRIGGER_ELEMENT 5
-552.531677 15.963507 345.964722
-0.500000 0.000000 0.866026	0.000000 1.000000 0.000000	-0.866026 0.000000 -0.500000
6 1 1.000000 39.200005 0.250000 0.000000 200.000000 -1 -1 -1 -1 8 -1 0 0 0 0
-569.505798 15.963507 336.164734	-535.557556 15.963507 355.764709
1 -0.499999 0.000000 0.866026	0 0.000000 0.000000 0.000000
Replay Camera Trigger
TRIGGER_ELEMENT 5
-552.547974 16.051413 345.496399
0.500000 0.000000 -0.866025	0.000000 1.000000 0.000000	0.866025 0.000000 0.500000
6 1 1.000000 47.400002 0.250000 0.000000 200.000000 -1 -1 -1 -1 5 -1 0 0 0 0
-532.023193 16.051413 357.346405	-573.072754 16.051413 333.646393
1 0.499999 0.000000 -0.866026	0 0.000000 0.000000 0.000000
Replay Camera Trigger
CAMERA_ELEMENT 4
-536.391663 -2.193719 532.071106
1.000000 0.000000 0.000000	0.000000 1.000000 0.000000	0.000000 0.000000 1.000000
0 0.000000 1
1 1 12 1 0 4.000000 0 37.500000 0.600000
0.000000 0.000000 0.000000
c5
TRIGGER_ELEMENT 5
-537.841003 -2.252356 475.482941
0.087156 0.000000 0.996195	0.000000 1.000000 0.000000	-0.996195 0.000000 0.087156
6 1 1.000000 35.299999 0.250000 0.000000 200.000000 -1 -1 -1 -1 11 -1 0 0 0 0
-555.423828 -2.252356 477.021240	-520.258179 -2.252356 473.944641
1 0.087159 0.000000 0.996194	0 0.000000 0.000000 0.000000
Replay Camera Trigger
TRIGGER_ELEMENT 5
-537.984985 -2.136105 474.657257
-0.087156 0.000000 -0.996195	0.000000 1.000000 0.000000	0.996195 0.000000 -0.087156
6 1 1.000000 36.200001 0.250000 0.000000 200.000000 -1 -1 -1 -1 8 -1 0 0 0 0
-519.953857 -2.136105 473.079742	-556.016113 -2.136105 476.234772
1 -0.087159 0.000000 -0.996194	0 0.000000 0.000000 0.000000
Replay Camera Trigger
CAMERA_ELEMENT 4
-523.978149 -27.248058 716.563843
1.000000 0.000000 0.000000	0.000000 1.000000 0.000000	0.000000 0.000000 1.000000
0 0.000000 1
1 1 12 0 0 3.000000 1 24.000000 0.600000
0.000000 0.000000 0.000000
c6
TRIGGER_ELEMENT 5
-586.428345 -19.172802 592.169983
0.358368 0.000000 -0.933580	0.000000 1.000000 0.000000	0.933580 0.000000 0.358368
6 1 1.000000 38.400002 0.250000 0.000000 200.000000 -1 -1 -1 -1 14 -1 0 0 0 0
-568.503601 -19.172802 599.050659	-604.353088 -19.172802 585.289307
2 -0.358390 0.000000 0.933572	0 0.000000 0.000000 0.000000
Replay Camera Trigger
TRIGGER_ELEMENT 5
-586.073608 -19.046066 591.117310
-0.374606 0.000000 0.927184	0.000000 1.000000 0.000000	-0.927184 0.000000 -0.374606
6 1 1.000000 38.700001 0.250000 0.000000 200.000000 -1 -1 -1 -1 11 -1 0 0 0 0
-604.014587 -19.046066 583.868652	-568.132629 -19.046066 598.365967
2 0.374630 0.000000 -0.927175	0 0.000000 0.000000 0.000000
Replay Camera Trigger
CAMERA_ELEMENT 4
-617.819336 -37.390156 868.139832
-0.495715 -0.047588 -0.867180	0.104528 0.987970 -0.113969	0.862171 -0.147141 -0.484778
0 0.000000 1
1 1 12 0 0 3.000000 1 37.500000 0.600000
0.000000 0.000000 0.000000
c7
TRIGGER_ELEMENT 5
-568.838623 -46.135677 839.260559
0.669131 0.000000 -0.743145	0.000000 1.000000 0.000000	0.743145 0.000000 0.669131
6 1 1.000000 22.700001 0.250000 0.000000 200.000000 -1 -1 -1 -1 17 -1 0 0 0 0
-560.403931 -46.135677 846.855164	-577.273315 -46.135677 831.665955
2 -0.669120 0.000000 0.743154	0 0.000000 0.000000 0.000000
Replay Camera Trigger
TRIGGER_ELEMENT 5
-567.157410 -46.109352 837.495178
-0.642787 0.000000 0.766045	0.000000 1.000000 0.000000	-0.766045 0.000000 -0.642787
6 1 1.000000 21.299999 0.250000 0.000000 200.000000 -1 -1 -1 -1 14 -1 0 0 0 0
-575.315796 -46.109352 830.649475	-558.999023 -46.109352 844.340881
2 0.642768 0.000000 -0.766061	0 0.000000 0.000000 0.000000
Replay Camera Trigger
CAMERA_ELEMENT 4
-689.929932 -40.039032 775.093201
1.000000 0.000000 0.000000	0.000000 1.000000 0.000000	0.000000 0.000000 1.000000
0 0.000000 1
1 1 11 0 0 3.000000 0 37.500000 0.800000
0.000000 0.000000 0.000000
c8
TRIGGER_ELEMENT 5
-665.018921 -46.499260 813.235474
-0.342020 0.000000 -0.939693	0.000000 1.000000 0.000000	0.939693 0.000000 -0.342020
6 1 1.000000 49.700001 0.250000 0.000000 200.000000 -1 -1 -1 -1 20 -1 0 0 0 0
-641.667542 -46.499260 804.736267	-688.370300 -46.499260 821.734680
1 -0.342037 0.000000 -0.939687	0 0.000000 0.000000 0.000000
Replay Camera Trigger
TRIGGER_ELEMENT 5
-664.368530 -46.540668 815.019958
0.342020 0.000000 0.939693	0.000000 1.000000 0.000000	-0.939693 0.000000 0.342020
6 1 1.000000 50.900002 0.250000 0.000000 200.000000 -1 -1 -1 -1 17 -1 0 0 0 0
-688.283691 -46.540668 823.724365	-640.453369 -46.540668 806.315552
1 0.342037 0.000000 0.939687	0 0.000000 0.000000 0.000000
Replay Camera Trigger
CAMERA_ELEMENT 4
-699.441345 -38.385674 633.628113
1.000000 0.000000 0.000000	0.000000 1.000000 0.000000	0.000000 0.000000 1.000000
0 0.000000 1
1 1 11 0 0 3.000000 0 37.500000 0.800000
0.000000 0.000000 0.000000
c8b
CAMERA_ELEMENT 4
-748.287415 -22.392265 187.451416
1.000000 0.000000 0.000000	0.000000 1.000000 0.000000	0.000000 0.000000 1.000000
0 0.000000 1
1 1 12 1 0 4.000000 0 37.500000 0.600000
0.000000 0.000000 0.000000
c9
TRIGGER_ELEMENT 5
-747.459351 -41.552681 503.905762
0.390731 0.000000 0.920505	0.000000 1.000000 0.000000	-0.920505 0.000000 0.390731
6 1 1.000000 28.200001 0.250000 0.000000 200.000000 -1 -1 -1 -1 23 -1 0 0 0 0
-760.438477 -41.552681 509.415070	-734.480225 -41.552681 498.396454
1 0.390746 0.000000 0.920499	0 0.000000 0.000000 0.000000
Replay Camera Trigger
TRIGGER_ELEMENT 5
-747.851257 -41.510288 502.450439
-0.325568 0.000000 -0.945519	0.000000 1.000000 0.000000	0.945519 0.000000 -0.325568
6 1 1.000000 26.099998 0.250000 0.000000 200.000000 -1 -1 -1 -1 24 -1 0 0 0 0
-735.512268 -41.510288 498.201782	-760.190247 -41.510288 506.699097
1 -0.325560 0.000000 -0.945521	0 0.000000 0.000000 0.000000
Replay Camera Trigger
CAMERA_ELEMENT 4
-556.440247 -9.113675 -16.107019
1.000000 0.000000 0.000000	0.000000 1.000000 0.000000	0.000000 0.000000 1.000000
0 0.000000 1
1 1 12 0 0 3.000000 1 24.000000 0.600000
0.000000 0.000000 0.000000
c10
TRIGGER_ELEMENT 5
-673.809448 -16.418966 66.781372
-0.766044 0.000000 0.642788	0.000000 1.000000 0.000000	-0.642788 0.000000 -0.766044
6 1 1.000000 29.500000 0.250000 0.000000 200.000000 -1 -1 -1 -1 27 -1 0 0 0 0
-683.290588 -16.418966 55.482220	-664.328308 -16.418966 78.080528
2 0.766049 0.000000 -0.642782	0 0.000000 0.000000 0.000000
Replay Camera Trigger
TRIGGER_ELEMENT 5
-674.716980 -16.453842 67.284187
0.777146 0.000000 -0.629320	0.000000 1.000000 0.000000	0.629320 0.000000 0.777146
6 1 1.000000 28.699999 0.250000 0.000000 200.000000 -1 -1 -1 -1 24 -1 0 0 0 0
-665.686218 -16.453842 78.436234	-683.747742 -16.453842 56.132141
2 -0.777153 0.000000 0.629312	0 0.000000 0.000000 0.000000
Replay Camera Trigger
CAMERA_ELEMENT 4
-232.958038 -7.774934 -85.690559
-0.498137 0.053914 0.865421	-0.027887 0.996553 -0.078135	-0.866650 -0.063056 -0.494916
0 0.000000 0
1 1 12 0 0 3.000000 1 50.000000 0.600000
0.000000 0.000000 0.000000
c11
TRIGGER_ELEMENT 5
-395.053009 -11.212204 -64.879082
0.978148 0.000000 -0.207912	0.000000 1.000000 0.000000	0.207912 0.000000 0.978148
6 1 1.000000 30.400000 0.250000 0.000000 200.000000 -1 -1 -1 -1 30 -1 0 0 0 0
-391.892761 -11.212204 -50.011230	-398.213257 -11.212204 -79.746933
1 0.978148 0.000000 -0.207908	0 0.000000 0.000000 0.000000
Replay Camera Trigger
TRIGGER_ELEMENT 5
-397.217682 -11.217359 -64.659019
-0.974370 0.000000 0.224951	0.000000 1.000000 0.000000	-0.224951 0.000000 -0.974370
6 1 1.000000 28.299999 0.250000 0.000000 200.000000 -1 -1 -1 -1 27 -1 0 0 0 0
-400.400726 -11.217359 -78.446358	-394.034637 -11.217359 -50.871685
1 -0.974369 0.000000 0.224954	0 0.000000 0.000000 0.000000
Replay Camera Trigger
CAMERA_ELEMENT 4
81.299423 1.387234 -162.550720
0.682041 0.109958 -0.723000	0.014481 0.986407 0.163679	0.731171 -0.122105 0.671178
0 0.000000 1
1 1 12 0 0 3.000000 1 37.500000 0.600000
0.000000 0.000000 0.000000
c12
TRIGGER_ELEMENT 5
-231.272614 -9.304562 -93.962761
-0.990268 0.000000 0.139173	0.000000 1.000000 0.000000	-0.139173 0.000000 -0.990268
6 1 1.000000 31.200001 0.250000 0.000000 200.000000 -1 -1 -1 -1 30 -1 0 0 0 0
-233.443710 -9.304562 -109.410942	-229.101517 -9.304562 -78.514580
1 -0.990268 0.000000 0.139176	0 0.000000 0.000000 0.000000
Replay Camera Trigger
TRIGGER_ELEMENT 5
-228.086945 -9.266171 -94.243294
0.992546 0.000000 -0.121869	0.000000 1.000000 0.000000	0.121869 0.000000 0.992546
6 1 1.000000 33.400002 0.250000 0.000000 200.000000 -1 -1 -1 -1 33 -1 0 0 0 0
-226.051727 -9.266171 -77.667770	-230.122162 -9.266171 -110.818817
1 0.992546 0.000000 -0.121871	0 0.000000 0.000000 0.000000
Replay Camera Trigger
CAMERA_ELEMENT 4
203.101761 29.394268 290.417267
1.000000 0.000000 0.000000	0.000000 1.000000 0.000000	0.000000 0.000000 1.000000
0 0.000000 1
1 1 8 0 0 3.000000 0 37.500000 0.600000
0.000000 0.000000 0.000000
c13
TRIGGER_ELEMENT 5
210.666306 24.608391 306.549408
0.945519 0.000000 -0.325568	0.000000 1.000000 0.000000	0.325568 0.000000 0.945519
6 1 1.000000 48.800003 0.250000 0.000000 200.000000 -1 -1 -1 -1 36 -1 0 0 0 0
218.610168 24.608391 329.620056	202.722443 24.608391 283.478760
1 0.945521 0.000000 -0.325560	0 0.000000 0.000000 0.000000
Replay Camera Trigger
TRIGGER_ELEMENT 5
213.461563 -3.179853 -46.165379
0.978148 0.000000 0.207912	0.000000 1.000000 0.000000	-0.207912 0.000000 0.978148
6 1 1.000000 44.100002 0.250000 0.000000 200.000000 -1 -1 -1 -1 36 -1 0 0 0 0
208.877106 -3.179853 -24.597221	218.046021 -3.179853 -67.733536
1 0.978148 0.000000 0.207912	0 0.000000 0.000000 0.000000
Replay Camera Trigger
TRIGGER_ELEMENT 5
210.290161 -3.569748 -44.090668
-0.981627 0.000000 -0.190809	0.000000 1.000000 0.000000	0.190809 0.000000 -0.981627
6 1 1.000000 41.200001 0.250000 0.000000 200.000000 -1 -1 -1 -1 33 -1 0 0 0 0
214.220825 -3.569748 -64.312180	206.359497 -3.569748 -23.869152
1 -0.981627 0.000000 -0.190811	0 0.000000 0.000000 0.000000
Replay Camera Trigger
CAMERA_ELEMENT 4
55.663624 27.131754 329.311707
1.000000 0.000000 0.000000	0.000000 1.000000 0.000000	0.000000 0.000000 1.000000
0 0.000000 1
1 1 12 1 0 3.000000 0 37.500000 0.600000
0.000000 0.000000 0.000000
c14
TRIGGER_ELEMENT 5
180.858612 25.342241 309.245270
-0.984808 0.000000 0.173648	0.000000 1.000000 0.000000	-0.173648 0.000000 -0.984808
6 1 1.000000 31.199999 0.250000 0.000000 200.000000 -1 -1 -1 -1 40 -1 0 0 0 0
178.149689 25.342241 293.882263	183.567535 25.342241 324.608276
1 -0.984808 0.000000 0.173646	0 0.000000 0.000000 0.000000
Replay Camera Trigger
CAMERA_ELEMENT 4
-40.842785 34.791832 378.114716
1.000000 0.000000 0.000000	0.000000 1.000000 0.000000	0.000000 0.000000 1.000000
0 0.000000 1
1 1 12 1 2 4.000000 0 37.500000 0.600000
0.000000 0.000000 0.000000
c15
TRIGGER_ELEMENT 5
-18.318060 28.904877 369.550903
0.996195 0.000000 -0.087156	0.000000 1.000000 0.000000	0.087156 0.000000 0.996195
6 1 1.000000 33.200005 0.250000 0.000000 200.000000 -1 -1 -1 -1 42 -1 0 0 0 0
-16.871275 28.904877 386.087738	-19.764845 28.904877 353.014069
2 -0.996194 0.000000 0.087158	0 0.000000 0.000000 0.000000
Replay Camera Trigger
TRIGGER_ELEMENT 5
-16.085373 28.781641 368.898468
-0.996195 0.000000 0.087156	0.000000 1.000000 0.000000	-0.087156 0.000000 -0.996195
6 1 1.000000 26.700001 0.250000 0.000000 200.000000 -1 -1 -1 -1 40 -1 0 0 0 0
-17.248905 28.781641 355.599274	-14.921841 28.781641 382.197662
2 0.996194 0.000000 -0.087158	0 0.000000 0.000000 0.000000
Replay Camera Trigger
TRIGGER_ELEMENT 5
-169.510666 32.540768 340.017365
0.939693 0.000000 0.342020	0.000000 1.000000 0.000000	-0.342020 0.000000 0.939693
6 1 1.000000 34.500000 0.250000 0.000000 200.000000 -1 -1 -1 -1 42 -1 0 0 0 0
-175.410507 32.540768 356.227051	-163.610825 32.540768 323.807678
1 0.939696 0.000000 0.342010	0 0.000000 0.000000 0.000000
Replay Camera Trigger
