[header]
count=4
tint=1.000000,1.801324,1.801324,1.801324
ambient=1.000000,0.304636,0.304636,0.304636
interior=1.000000,1.000000,1.000000,1.000000
lightdecal=1.000000,1.112583,1.112583,1.112583

[section0]
startslice=9000
endslice=9000
texture1=542722899
clamp1=0
clamp2=1
tint1=1.000000,1.000000,1.000000,1.000000
tint2=1.000000,1.000000,1.000000,1.000000
texture1=542722899
clamp1=0
clamp2=0
tint1=1.000000,1.000000,1.000000,1.000000
tint2=1.000000,1.000000,1.000000,1.000000
texture1.open=827535700
texture1.covered=827535700
texture2.open=827535700
texture2.covered=827535700
texture3.open=844312916
texture3.covered=844312916
texturesize=4.023944
aspect=1.000000

[section1]
startslice=586
endslice=589
texture1.open=827535700
texture1.covered=827535700
texture2.open=827535700
texture2.covered=827535700
texture3.open=844312916
texture3.covered=827535700
texturesize=5.285211
aspect=0.713568

[section2]
startslice=590
endslice=592
texture1.open=827142484
texture1.covered=827142484
texture2.open=827142484
texture2.covered=827142484
texture3.open=843919700
texture3.covered=843919700
texturesize=6.686619
aspect=0.651376

[section3]
startslice=141
endslice=244
texture1.open=827142484
texture1.covered=827142484
texture2.open=827142484
texture2.covered=827142484
texture3.open=843919700
texture3.covered=843919700
texturesize=6.686619
aspect=0.651376







