CAMERA_ELEMENT 4
-212.485718 -7.426637 -103.572769
0.016674 -0.002244 -0.999859	0.256675 0.966496 0.002111	0.966354 -0.256674 0.016691
0 0.000000 0
1 1 12 0 0 3.000000 1 37.500000 0.600000
0.000000 0.000000 0.000000
c1
TRIGGER_ELEMENT 5
-53.026218 -8.147515 -132.860367
-0.992546 0.000000 0.121870	0.000000 1.000000 0.000000	-0.121870 0.000000 -0.992546
6 1 1.000000 29.099998 0.250000 0.000000 200.000000 -1 -1 -1 -1 0 -1 0 0 0 0
-54.799419 -8.147515 -147.301910	-51.253017 -8.147515 -118.418823
1 -0.992546 0.000000 0.121872	0 0.000000 0.000000 0.000000
Replay Camera Trigger
CAMERA_ELEMENT 4
-472.911285 -8.440151 -52.164795
1.000000 0.000000 0.000000	0.000000 1.000000 0.000000	0.000000 0.000000 1.000000
0 0.000000 1
1 1 12 1 1 4.000000 0 37.500000 0.600000
0.000000 0.000000 0.000000
c2
TRIGGER_ELEMENT 5
-244.366623 -9.462352 -92.816544
-0.981627 0.000000 0.190809	0.000000 1.000000 0.000000	-0.190809 0.000000 -0.981627
6 1 1.000000 19.700001 0.250000 0.000000 200.000000 -1 -1 -1 -1 2 -1 0 0 0 0
-246.246094 -9.462352 -102.485573	-242.487152 -9.462352 -83.147514
1 -0.981627 0.000000 0.190811	0 0.000000 0.000000 0.000000
Replay Camera Trigger
TRIGGER_ELEMENT 5
-242.870926 -9.444947 -92.658302
0.984808 0.000000 -0.173648	0.000000 1.000000 0.000000	0.173648 0.000000 0.984808
6 1 1.000000 22.799999 0.250000 0.000000 200.000000 -1 -1 -1 -1 0 -1 0 0 0 0
-240.891342 -9.444947 -81.431488	-244.850510 -9.444947 -103.885117
1 0.984808 0.000000 -0.173646	0 0.000000 0.000000 0.000000
Replay Camera Trigger
CAMERA_ELEMENT 4
-661.875244 -10.618497 52.383099
1.000000 0.000000 0.000000	0.000000 1.000000 0.000000	0.000000 0.000000 1.000000
0 0.000000 1
1 1 11 1 0 3.000000 0 37.500000 0.900000
0.000000 0.000000 0.000000
c3a
TRIGGER_ELEMENT 5
-637.245056 -15.062512 39.493473
0.829037 0.000000 -0.559193	0.000000 1.000000 0.000000	0.559193 0.000000 0.829037
6 1 1.000000 23.299999 0.250000 0.000000 200.000000 -1 -1 -1 -1 2 -1 0 0 0 0
-630.730469 -15.062512 49.151760	-643.759644 -15.062512 29.835186
1 0.829039 0.000000 -0.559191	0 0.000000 0.000000 0.000000
Replay Camera Trigger
TRIGGER_ELEMENT 5
-639.324036 -15.127276 40.961803
-0.819152 0.000000 0.573577	0.000000 1.000000 0.000000	-0.573577 0.000000 -0.819152
6 1 1.000000 21.400000 0.250000 0.000000 200.000000 -1 -1 -1 -1 5 -1 0 0 0 0
-645.461304 -15.127276 32.196877	-633.186768 -15.127276 49.726730
1 -0.819152 0.000000 0.573577	0 0.000000 0.000000 0.000000
Replay Camera Trigger
CAMERA_ELEMENT 4
-716.726624 -15.623383 103.352493
1.000000 0.000000 0.000000	0.000000 1.000000 0.000000	0.000000 0.000000 1.000000
0 0.000000 1
1 1 12 0 0 3.000000 1 15.000000 0.600000
0.000000 0.000000 0.000000
c3b
TRIGGER_ELEMENT 5
-741.873596 -28.207769 214.672592
0.087156 0.000000 -0.996194	0.000000 1.000000 0.000000	0.996194 0.000000 0.087156
6 1 1.000000 21.000000 0.250000 0.000000 200.000000 -1 -1 -1 -1 8 -1 0 0 0 0
-731.413574 -28.207769 215.587723	-752.333618 -28.207769 213.757462
1 0.087158 0.000000 -0.996194	0 0.000000 0.000000 0.000000
Replay Camera Trigger
CAMERA_ELEMENT 4
-760.088379 -34.414051 388.217987
1.000000 0.000000 0.000000	0.000000 1.000000 0.000000	0.000000 0.000000 1.000000
0 0.000000 1
1 1 12 1 0 4.000000 0 37.500000 0.600000
0.000000 0.000000 0.000000
c4
TRIGGER_ELEMENT 5
-742.267822 -28.405886 216.988495
-0.087156 0.000000 0.996195	0.000000 1.000000 0.000000	-0.996195 0.000000 -0.087156
6 1 1.000000 20.900002 0.250000 0.000000 200.000000 -1 -1 -1 -1 10 -1 0 0 0 0
-752.678040 -28.405886 216.077713	-731.857605 -28.405886 217.899277
1 -0.087158 0.000000 0.996194	0 0.000000 0.000000 0.000000
Replay Camera Trigger
CAMERA_ELEMENT 4
-682.528809 -39.559254 586.190430
1.000000 0.000000 0.000000	0.000000 1.000000 0.000000	0.000000 0.000000 1.000000
0 0.000000 1
1 1 8 0 0 3.000000 0 37.500000 0.600000
0.000000 0.000000 0.000000
c5
TRIGGER_ELEMENT 5
-736.762512 -42.292801 529.538147
0.453990 0.000000 0.891007	0.000000 1.000000 0.000000	-0.891007 0.000000 0.453990
6 1 1.000000 38.799999 0.250000 0.000000 200.000000 -1 -1 -1 -1 12 -1 0 0 0 0
-754.048035 -42.292801 538.345581	-719.476990 -42.292801 520.730713
1 0.453988 0.000000 0.891008	0 0.000000 0.000000 0.000000
Replay Camera Trigger
TRIGGER_ELEMENT 5
-737.386841 -42.242283 527.565796
-0.453989 0.000000 -0.891007	0.000000 1.000000 0.000000	0.891007 0.000000 -0.453989
6 1 1.000000 33.599998 0.250000 0.000000 200.000000 -1 -1 -1 -1 10 -1 0 0 0 0
-722.417908 -42.242283 519.938782	-752.355774 -42.242283 535.192810
1 -0.453988 0.000000 -0.891008	0 0.000000 0.000000 0.000000
Replay Camera Trigger
TRIGGER_ELEMENT 5
-672.828125 -45.754417 766.889526
0.000000 0.000000 1.000000	0.000000 1.000000 0.000000	-1.000000 0.000000 0.000000
6 1 1.000000 45.599998 0.250000 0.000000 200.000000 -1 -1 -1 -1 12 -1 0 0 0 0
-695.628113 -45.754417 766.889526	-650.028137 -45.754417 766.889526
2 0.000000 0.000000 -1.000000	0 0.000000 0.000000 0.000000
Replay Camera Trigger
CAMERA_ELEMENT 4
-645.125305 -39.571793 869.561035
1.000000 0.000000 0.000000	0.000000 1.000000 0.000000	0.000000 0.000000 1.000000
0 0.000000 1
1 1 12 0 0 3.000000 1 25.000000 0.600000
0.000000 0.000000 0.000000
c6
TRIGGER_ELEMENT 5
-672.694031 -45.760075 770.573914
-0.034899 0.000000 0.999391	0.000000 1.000000 0.000000	-0.999391 0.000000 -0.034899
6 1 1.000000 51.500000 0.250000 0.000000 200.000000 -1 -1 -1 -1 16 -1 0 0 0 0
-698.428345 -45.760075 769.675232	-646.959717 -45.760075 771.472595
1 -0.034912 0.000000 0.999390	0 0.000000 0.000000 0.000000
Replay Camera Trigger
CAMERA_ELEMENT 4
-489.092621 -39.781048 1028.825806
1.000000 0.000000 0.000000	0.000000 1.000000 0.000000	0.000000 0.000000 1.000000
0 0.000000 1
1 1 12 1 0 3.000000 0 37.500000 0.600000
0.000000 0.000000 0.000000
c7
TRIGGER_ELEMENT 5
-539.484985 -46.856525 940.984619
0.453991 0.000000 0.891006	0.000000 1.000000 0.000000	-0.891006 0.000000 0.453991
6 1 1.000000 40.700001 0.250000 0.000000 200.000000 -1 -1 -1 -1 18 -1 0 0 0 0
-557.616943 -46.856525 950.223328	-521.353027 -46.856525 931.745911
1 0.453988 0.000000 0.891008	0 0.000000 0.000000 0.000000
Replay Camera Trigger
TRIGGER_ELEMENT 5
-541.025452 -46.881100 939.195435
-0.438371 0.000000 -0.898794	0.000000 1.000000 0.000000	0.898794 0.000000 -0.438371
6 1 1.000000 49.799999 0.250000 0.000000 200.000000 -1 -1 -1 -1 16 -1 0 0 0 0
-518.645508 -46.881100 928.280029	-563.405396 -46.881100 950.110840
1 -0.438354 0.000000 -0.898802	0 0.000000 0.000000 0.000000
Replay Camera Trigger
CAMERA_ELEMENT 4
-329.668976 -20.345076 1009.606628
1.000000 0.000000 0.000000	0.000000 1.000000 0.000000	0.000000 0.000000 1.000000
0 0.000000 1
1 1 12 1 0 6.000000 0 37.500000 0.600000
0.000000 0.000000 0.000000
c8
TRIGGER_ELEMENT 5
-418.590363 -38.074039 1035.990967
0.998630 0.000000 -0.052336	0.000000 1.000000 0.000000	0.052336 0.000000 0.998630
6 1 1.000000 52.300003 0.250000 0.000000 200.000000 -1 -1 -1 -1 21 -1 0 0 0 0
-417.221771 -38.074039 1062.105103	-419.958954 -38.074039 1009.876831
1 0.998628 0.000000 -0.052368	0 0.000000 0.000000 0.000000
Replay Camera Trigger
TRIGGER_ELEMENT 5
-420.550201 -38.282593 1036.145874
-1.000000 0.000000 0.000000	0.000000 1.000000 0.000000	0.000000 0.000000 -1.000000
6 1 1.000000 46.099998 0.250000 0.000000 200.000000 -1 -1 -1 -1 18 -1 0 0 0 0
-420.550201 -38.282593 1013.095886	-420.550201 -38.282593 1059.195923
1 -1.000000 0.000000 0.000000	0 0.000000 0.000000 0.000000
Replay Camera Trigger
CAMERA_ELEMENT 4
-227.132645 -21.347935 925.800903
1.000000 0.000000 0.000000	0.000000 1.000000 0.000000	0.000000 0.000000 1.000000
0 0.000000 1
1 1 12 0 0 3.000000 1 37.500000 0.600000
0.000000 0.000000 0.000000
c9
TRIGGER_ELEMENT 5
-290.025665 -30.110035 950.044922
0.906308 0.000000 -0.422618	0.000000 1.000000 0.000000	0.422618 0.000000 0.906308
6 1 1.000000 32.200001 0.250000 0.000000 200.000000 -1 -1 -1 -1 24 -1 0 0 0 0
-283.221497 -30.110035 964.636475	-296.829834 -30.110035 935.453369
1 0.906313 0.000000 -0.422608	0 0.000000 0.000000 0.000000
Replay Camera Trigger
TRIGGER_ELEMENT 5
-292.954315 -30.193741 952.443115
-0.891006 0.000000 0.453991	0.000000 1.000000 0.000000	-0.453991 0.000000 -0.891006
6 1 1.000000 37.400002 0.250000 0.000000 200.000000 -1 -1 -1 -1 21 -1 0 0 0 0
-301.443939 -30.193741 935.781311	-284.464691 -30.193741 969.104919
1 -0.891008 0.000000 0.453988	0 0.000000 0.000000 0.000000
Replay Camera Trigger
CAMERA_ELEMENT 4
-179.618317 -13.183364 880.678040
1.000000 0.000000 0.000000	0.000000 1.000000 0.000000	0.000000 0.000000 1.000000
0 0.000000 1
1 1 8 0 0 3.000000 0 37.500000 0.600000
0.000000 0.000000 0.000000
c10
TRIGGER_ELEMENT 5
-186.642532 -15.004307 868.511230
0.777146 0.000000 -0.629320	0.000000 1.000000 0.000000	0.629320 0.000000 0.777146
6 1 1.000000 53.599998 0.250000 0.000000 200.000000 -1 -1 -1 -1 27 -1 0 0 0 0
-169.776749 -15.004307 889.338745	-203.508316 -15.004307 847.683716
1 0.777139 0.000000 -0.629329	0 0.000000 0.000000 0.000000
Replay Camera Trigger
TRIGGER_ELEMENT 5
-187.724304 -15.097807 869.029663
-0.766044 0.000000 0.642788	0.000000 1.000000 0.000000	-0.642788 0.000000 -0.766044
6 1 1.000000 44.799999 0.250000 0.000000 200.000000 -1 -1 -1 -1 24 -1 0 0 0 0
-202.122757 -15.097807 851.870300	-173.325851 -15.097807 886.189026
1 -0.766054 0.000000 0.642776	0 0.000000 0.000000 0.000000
Replay Camera Trigger
TRIGGER_ELEMENT 5
162.333939 21.975365 436.307953
0.173648 0.000000 0.984808	0.000000 1.000000 0.000000	-0.984808 0.000000 0.173648
6 1 1.000000 39.500000 0.250000 0.000000 200.000000 -1 -1 -1 -1 27 -1 0 0 0 0
142.883987 21.975365 439.737518	181.783890 21.975365 432.878387
1 0.173646 0.000000 0.984808	0 0.000000 0.000000 0.000000
Replay Camera Trigger
CAMERA_ELEMENT 4
144.859436 30.234930 338.847626
-0.323599 -0.311585 -0.893419	-0.163830 0.948413 -0.271425	0.931903 0.058536 -0.357952
0 0.000000 1
1 1 12 1 0 3.000000 0 37.500000 0.600000
0.000000 0.000000 0.000000
c11
TRIGGER_ELEMENT 5
162.031250 22.127365 433.908447
-0.173648 0.000000 -0.984808	0.000000 1.000000 0.000000	0.984808 0.000000 -0.173648
6 1 1.000000 42.300003 0.250000 0.000000 200.000000 -1 -1 -1 -1 31 -1 0 0 0 0
182.859940 22.127365 430.235779	141.202560 22.127365 437.581116
1 -0.173646 0.000000 -0.984808	0 0.000000 0.000000 0.000000
Replay Camera Trigger
CAMERA_ELEMENT 4
209.750015 37.859287 318.992035
0.073189 0.037611 0.996608	-0.085950 0.995809 -0.031269	-0.993607 -0.083370 0.076115
0 0.000000 1
1 1 12 0 0 3.000000 1 37.500000 0.600000
0.000000 0.000000 0.000000
c12
TRIGGER_ELEMENT 5
181.853973 25.358330 322.092468
0.838671 0.000000 -0.544639	0.000000 1.000000 0.000000	0.544639 0.000000 0.838671
6 1 1.000000 37.900005 0.250000 0.000000 200.000000 -1 -1 -1 -1 33 -1 0 0 0 0
192.174881 25.358330 337.985291	171.533066 25.358330 306.199646
1 0.838666 0.000000 -0.544646	0 0.000000 0.000000 0.000000
Replay Camera Trigger
TRIGGER_ELEMENT 5
178.981262 25.403385 322.091858
-0.866025 0.000000 0.500000	0.000000 1.000000 0.000000	-0.500000 0.000000 -0.866025
6 1 1.000000 32.400002 0.250000 0.000000 200.000000 -1 -1 -1 -1 31 -1 0 0 0 0
170.881256 25.403385 308.062256	187.081268 25.403385 336.121460
1 -0.866026 0.000000 0.499999	0 0.000000 0.000000 0.000000
Replay Camera Trigger
CAMERA_ELEMENT 4
359.535919 19.870951 144.939026
1.000000 0.000000 0.000000	0.000000 1.000000 0.000000	0.000000 0.000000 1.000000
0 0.000000 1
1 1 12 1 0 4.000000 0 37.500000 0.600000
0.000000 0.000000 0.000000
c13a
TRIGGER_ELEMENT 5
283.989716 20.685120 262.356110
0.544639 0.000000 -0.838671	0.000000 1.000000 0.000000	0.838671 0.000000 0.544639
6 1 1.000000 27.200001 0.250000 0.000000 200.000000 -1 -1 -1 -1 36 -1 0 0 0 0
295.395630 20.685120 269.763214	272.583801 20.685120 254.949020
1 0.544639 0.000000 -0.838671	0 0.000000 0.000000 0.000000
Replay Camera Trigger
TRIGGER_ELEMENT 5
281.331940 20.907343 265.369446
-0.515038 0.000000 0.857167	0.000000 1.000000 0.000000	-0.857167 0.000000 -0.515038
6 1 1.000000 24.000000 0.250000 0.000000 200.000000 -1 -1 -1 -1 33 -1 0 0 0 0
271.045929 20.907343 259.188995	291.617950 20.907343 271.549896
1 -0.515039 0.000000 0.857167	0 0.000000 0.000000 0.000000
Replay Camera Trigger
CAMERA_ELEMENT 4
205.220230 28.271528 289.303802
1.000000 0.000000 0.000000	0.000000 1.000000 0.000000	0.000000 0.000000 1.000000
0 0.000000 1
1 1 8 0 0 3.000000 0 37.500000 0.600000
0.000000 0.000000 0.000000
c13c
TRIGGER_ELEMENT 5
211.145599 24.701309 290.168274
0.987688 0.000000 -0.156434	0.000000 1.000000 0.000000	0.156434 0.000000 0.987688
6 1 1.000000 13.200000 0.250000 0.000000 200.000000 -1 -1 -1 -1 39 -1 0 0 0 0
212.178070 24.701309 296.687012	210.113129 24.701309 283.649536
1 0.987689 0.000000 -0.156433	0 0.000000 0.000000 0.000000
Replay Camera Trigger
TRIGGER_ELEMENT 5
217.202652 -2.057662 -27.923544
0.984808 0.000000 0.173648	0.000000 1.000000 0.000000	-0.173648 0.000000 0.984808
6 1 1.000000 16.100002 0.250000 0.000000 200.000000 -1 -1 -1 -1 39 -1 0 0 0 0
215.804779 -2.057662 -19.995840	218.600525 -2.057662 -35.851246
1 0.984808 0.000000 0.173650	0 0.000000 0.000000 0.000000
Replay Camera Trigger
CAMERA_ELEMENT 4
201.811218 4.398602 -79.470970
0.846483 -0.018726 -0.532086	-0.001054 0.999320 -0.036848	0.532415 0.031752 0.845888
0 0.000000 1
1 1 12 1 0 3.000000 0 37.500000 0.600000
0.000000 0.000000 0.000000
c14
TRIGGER_ELEMENT 5
216.970856 -2.116586 -28.195189
-0.981627 0.000000 -0.190809	0.000000 1.000000 0.000000	0.190809 0.000000 -0.981627
6 1 1.000000 14.700000 0.250000 0.000000 200.000000 -1 -1 -1 -1 42 -1 0 0 0 0
218.373306 -2.116586 -35.410149	215.568405 -2.116586 -20.980228
1 -0.981627 0.000000 -0.190809	0 0.000000 0.000000 0.000000
Replay Camera Trigger
TRIGGER_ELEMENT 5
316.381134 -0.696139 23.500055
-0.669131 0.000000 -0.743145	0.000000 1.000000 0.000000	0.743145 0.000000 -0.669131
6 1 1.000000 29.000000 0.250000 0.000000 200.000000 -1 -1 -1 -1 42 -1 0 0 0 0
327.156738 -0.696139 13.797656	305.605530 -0.696139 33.202454
1 -0.669129 0.000000 -0.743146	0 0.000000 0.000000 0.000000
Replay Camera Trigger
CAMERA_ELEMENT 4
55.117172 -5.228705 -151.828873
1.000000 0.000000 0.000000	0.000000 1.000000 0.000000	0.000000 0.000000 1.000000
0 0.000000 1
1 1 12 0 0 3.000000 1 37.500000 0.600000
0.000000 0.000000 0.000000
c15
TRIGGER_ELEMENT 5
116.606628 -10.449517 -122.473717
-0.898794 0.000000 -0.438371	0.000000 1.000000 0.000000	0.438371 0.000000 -0.898794
6 1 1.000000 30.900002 0.250000 0.000000 200.000000 -1 -1 -1 -1 45 -1 0 0 0 0
123.379463 -10.449517 -136.360077	109.833794 -10.449517 -108.587349
1 -0.898795 0.000000 -0.438369	0 0.000000 0.000000 0.000000
Replay Camera Trigger
TRIGGER_ELEMENT 5
118.257553 -10.455009 -121.700012
0.898794 0.000000 0.438371	0.000000 1.000000 0.000000	-0.438371 0.000000 0.898794
6 1 1.000000 33.400002 0.250000 0.000000 200.000000 -1 -1 -1 -1 42 -1 0 0 0 0
110.936752 -10.455009 -106.690147	125.578354 -10.455009 -136.709869
1 0.898795 0.000000 0.438369	0 0.000000 0.000000 0.000000
Replay Camera Trigger
TRIGGER_ELEMENT 5
-50.762268 -8.175132 -132.779327
0.996195 0.000000 -0.087156	0.000000 1.000000 0.000000	0.087156 0.000000 0.996195
6 1 1.000000 26.900000 0.250000 0.000000 200.000000 -1 -1 -1 -1 45 -1 0 0 0 0
-49.590023 -8.175132 -119.380508	-51.934513 -8.175132 -146.178146
1 0.996194 0.000000 -0.087158	0 0.000000 0.000000 0.000000
Replay Camera Trigger
CAMERA_ELEMENT 4
-151.392410 -2.703442 -126.488388
1.000000 0.000000 0.000000	0.000000 1.000000 0.000000	0.000000 0.000000 1.000000
0 0.000000 1
1 1 12 1 2 6.000000 0 37.500000 0.600000
0.000000 0.000000 0.000000
backstart
TRIGGER_ELEMENT 5
317.261688 -0.627327 24.824348
0.642788 0.000000 0.766044	0.000000 1.000000 0.000000	-0.766044 0.000000 0.642788
6 1 1.000000 29.000000 0.250000 0.000000 200.000000 -1 -1 -1 -1 36 -1 0 0 0 0
306.154053 -0.627327 34.144772	328.369324 -0.627327 15.503924
1 0.642790 0.000000 0.766043	0 0.000000 0.000000 0.000000
Replay Camera Trigger
