GEOM_ELEMENT 4
131.926559 0.000000 100.388359
0.999937 0.000000 0.000000	0.000000 0.999968 0.000000	0.000000 0.000000 0.999968
0 1162760003 0 0 -1 1 1 100
Geometry Element
GEOM_ELEMENT 4
116.092651 0.000000 101.433151
0.999937 0.000000 0.000000	0.000000 0.999968 0.000000	0.000000 0.000000 0.999968
0 1162760003 0 0 -1 1 1 100
Geometry Element
GEOM_ELEMENT 4
115.658142 0.000000 75.789345
0.999937 0.000000 0.000000	0.000000 0.999968 0.000000	0.000000 0.000000 0.999968
0 1162760003 0 0 -1 1 1 100
Geometry Element
GEOM_ELEMENT 4
116.409538 0.000000 48.391518
0.999937 0.000000 0.000000	0.000000 0.999968 0.000000	0.000000 0.000000 0.999968
0 1162760003 0 0 -1 1 1 100
Geometry Element
GEOM_ELEMENT 4
117.524902 0.000000 22.520050
0.999937 0.000000 0.000000	0.000000 0.999968 0.000000	0.000000 0.000000 0.999968
0 1162760003 0 0 -1 1 1 100
Geometry Element
GEOM_ELEMENT 4
116.709595 0.000000 -4.625176
0.999937 0.000000 0.000000	0.000000 0.999968 0.000000	0.000000 0.000000 0.999968
0 1162760003 0 0 -1 1 1 100
Geometry Element
GEOM_ELEMENT 4
116.236343 0.000000 -32.290199
0.999937 0.000000 0.000000	0.000000 0.999968 0.000000	0.000000 0.000000 0.999968
0 1162760003 0 0 -1 1 1 100
Geometry Element
GEOM_ELEMENT 4
115.516014 0.000000 -61.004524
0.999937 0.000000 0.000000	0.000000 0.999968 0.000000	0.000000 0.000000 0.999968
0 1162760003 0 0 -1 1 1 100
Geometry Element
GEOM_ELEMENT 4
115.830444 0.000000 -88.633057
0.999937 0.000000 0.000000	0.000000 0.999968 0.000000	0.000000 0.000000 0.999968
0 1162760003 0 0 -1 1 1 100
Geometry Element
GEOM_ELEMENT 4
-116.780373 0.000000 -90.463303
0.999937 0.000000 0.000000	0.000000 0.999968 0.000000	0.000000 0.000000 0.999968
0 1162760003 0 0 -1 1 1 100
Geometry Element
GEOM_ELEMENT 4
-115.629654 0.000000 -56.945610
0.999937 0.000000 0.000000	0.000000 0.999968 0.000000	0.000000 0.000000 0.999968
0 1162760003 0 0 -1 1 1 100
Geometry Element
GEOM_ELEMENT 4
-113.930199 0.000000 -30.131077
0.999937 0.000000 0.000000	0.000000 0.999968 0.000000	0.000000 0.000000 0.999968
0 1162760003 0 0 -1 1 1 100
Geometry Element
GEOM_ELEMENT 4
-113.894691 0.000000 -4.203571
0.999937 0.000000 0.000000	0.000000 0.999968 0.000000	0.000000 0.000000 0.999968
0 1162760003 0 0 -1 1 1 100
Geometry Element
GEOM_ELEMENT 4
-113.888138 0.000000 20.892227
0.999937 0.000000 0.000000	0.000000 0.999968 0.000000	0.000000 0.000000 0.999968
0 1162760003 0 0 -1 1 1 100
Geometry Element
GEOM_ELEMENT 4
-112.922050 0.000000 45.810291
0.999937 0.000000 0.000000	0.000000 0.999968 0.000000	0.000000 0.000000 0.999968
0 1162760003 0 0 -1 1 1 100
Geometry Element
GEOM_ELEMENT 4
-112.116692 0.000000 71.262619
0.999937 0.000000 0.000000	0.000000 0.999968 0.000000	0.000000 0.000000 0.999968
0 1162760003 0 0 -1 1 1 100
Geometry Element
GEOM_ELEMENT 4
-24.901285 0.000000 73.106110
0.999937 0.000000 0.000000	0.000000 0.999968 0.000000	0.000000 0.000000 0.999968
0 1162760003 0 0 -1 1 1 100
Geometry Element
GEOM_ELEMENT 4
-24.472603 0.000000 -2.552879
0.999937 0.000000 0.000000	0.000000 0.999968 0.000000	0.000000 0.000000 0.999968
0 1162760003 0 0 -1 1 1 100
Geometry Element
GEOM_ELEMENT 4
5.870151 0.000000 101.966049
0.999937 0.000000 0.000000	0.000000 0.999968 0.000000	0.000000 0.000000 0.999968
0 1162760003 0 0 -1 1 1 100
Geometry Element
GEOM_ELEMENT 4
-6.067156 0.000000 102.081703
0.999937 0.000000 0.000000	0.000000 0.999968 0.000000	0.000000 0.000000 0.999968
0 1162760003 0 0 -1 1 1 100
Geometry Element
TRIGGER_ELEMENT 5
123.403954 0.000000 102.146294
1.000000 0.000000 0.000000	0.000000 1.000000 0.000000	0.000000 0.000000 1.000000
2 0 1.000000 3.000000 0.250000 0.000000 200.000000 0 -1 -1 0 -1 38 0 0 0 0
123.403954 0.000000 103.646294	123.403954 0.000000 100.646294
0 0.000000 0.000000 0.000000	2 0.000000 0.000000 -1.000000
Start
TRIGGER_ELEMENT 5
132.940704 0.000000 75.948372
-0.017452 0.000000 0.999848	0.000000 1.000000 0.000000	-0.999848 0.000000 -0.017452
0 1 1.000000 35.000000 0.250000 0.000000 200.000000 1 -1 -1 1 -1 39 0 1 0 0
115.443367 0.000000 75.642960	150.438049 0.000000 76.253784
0 0.000000 0.000000 0.000000	0 0.000000 0.000000 0.000000
Waypoint Tigger
TRIGGER_ELEMENT 5
97.279900 0.000000 49.778946
0.034900 0.000000 0.999391	0.000000 1.000000 0.000000	-0.999391 0.000000 0.034900
0 1 1.000000 35.000000 0.250000 0.000000 200.000000 2 -1 -1 2 -1 40 0 1 0 0
79.790558 0.000000 50.389694	114.769241 0.000000 49.168198
0 0.000000 0.000000 0.000000	0 0.000000 0.000000 0.000000
Waypoint Tigger
TRIGGER_ELEMENT 5
134.919159 0.000000 22.730656
0.017453 0.000000 0.999848	0.000000 1.000000 0.000000	-0.999848 0.000000 0.017453
0 1 1.000000 35.000000 0.250000 0.000000 200.000000 3 -1 -1 3 -1 41 0 1 0 0
117.421822 0.000000 23.036083	152.416504 0.000000 22.425228
0 0.000000 0.000000 0.000000	0 0.000000 0.000000 0.000000
Waypoint Tigger
TRIGGER_ELEMENT 5
99.655106 0.000000 -2.928658
0.052336 0.000000 0.998630	0.000000 1.000000 0.000000	-0.998630 0.000000 0.052336
0 1 1.000000 35.000000 0.250000 0.000000 200.000000 4 -1 -1 4 -1 42 0 1 0 0
82.179077 0.000000 -2.012778	117.131134 0.000000 -3.844538
0 0.000000 0.000000 0.000000	0 0.000000 0.000000 0.000000
Waypoint Tigger
TRIGGER_ELEMENT 5
133.337891 0.000000 -32.207878
0.017453 0.000000 0.999848	0.000000 1.000000 0.000000	-0.999848 0.000000 0.017453
0 1 1.000000 35.000000 0.250000 0.000000 200.000000 5 -1 -1 5 -1 43 0 1 0 0
115.840553 0.000000 -31.902451	150.835236 0.000000 -32.513306
0 0.000000 0.000000 0.000000	0 0.000000 0.000000 0.000000
Waypoint Tigger
TRIGGER_ELEMENT 5
97.008926 0.000000 -59.876289
0.052336 0.000000 0.998630	0.000000 1.000000 0.000000	-0.998630 0.000000 0.052336
0 1 1.000000 35.000000 0.250000 0.000000 200.000000 6 -1 -1 6 -1 44 0 1 0 0
79.532898 0.000000 -58.960411	114.484955 0.000000 -60.792168
0 0.000000 0.000000 0.000000	0 0.000000 0.000000 0.000000
Waypoint Tigger
TRIGGER_ELEMENT 5
132.604523 0.000000 -90.033188
0.017453 0.000000 0.999848	0.000000 1.000000 0.000000	-0.999848 0.000000 0.017453
0 1 1.000000 35.000000 0.250000 0.000000 200.000000 7 -1 -1 7 -1 45 0 1 0 0
115.107185 0.000000 -89.727760	150.101868 0.000000 -90.338615
0 0.000000 0.000000 0.000000	0 0.000000 0.000000 0.000000
Waypoint Tigger
TRIGGER_ELEMENT 5
-134.643707 0.000000 -90.375000
0.000000 0.000000 1.000000	0.000000 1.000000 0.000000	-1.000000 0.000000 0.000000
0 1 1.000000 35.000000 0.250000 0.000000 200.000000 8 -1 -1 8 -1 46 0 1 0 0
-152.143707 0.000000 -90.375000	-117.143707 0.000000 -90.375000
0 0.000000 0.000000 0.000000	0 0.000000 0.000000 0.000000
Waypoint Tigger
TRIGGER_ELEMENT 5
-97.288147 0.000000 -57.133797
0.000000 0.000000 1.000000	0.000000 1.000000 0.000000	-1.000000 0.000000 0.000000
0 1 1.000000 35.000000 0.250000 0.000000 200.000000 9 -1 -1 9 -1 47 0 1 0 0
-114.788147 0.000000 -57.133797	-79.788147 0.000000 -57.133797
0 0.000000 0.000000 0.000000	0 0.000000 0.000000 0.000000
Waypoint Tigger
TRIGGER_ELEMENT 5
-131.668411 0.000000 -31.028452
-0.017452 0.000000 0.999848	0.000000 1.000000 0.000000	-0.999848 0.000000 -0.017452
0 1 1.000000 35.000000 0.250000 0.000000 200.000000 10 -1 -1 10 -1 48 0 1 0 0
-149.165756 0.000000 -31.333862	-114.171074 0.000000 -30.723042
0 0.000000 0.000000 0.000000	0 0.000000 0.000000 0.000000
Waypoint Tigger
TRIGGER_ELEMENT 5
-96.972816 0.000000 -2.995237
-0.034899 0.000000 0.999391	0.000000 1.000000 0.000000	-0.999391 0.000000 -0.034899
0 1 1.000000 35.000000 0.250000 0.000000 200.000000 11 -1 -1 11 -1 49 0 1 0 0
-114.462158 0.000000 -3.605970	-79.483475 0.000000 -2.384505
0 0.000000 0.000000 0.000000	0 0.000000 0.000000 0.000000
Waypoint Tigger
TRIGGER_ELEMENT 5
-131.105103 0.000000 20.102472
-0.052336 0.000000 0.998629	0.000000 1.000000 0.000000	-0.998629 0.000000 -0.052336
0 1 1.000000 35.000000 0.250000 0.000000 200.000000 12 -1 -1 12 -1 50 0 1 0 0
-148.581116 0.000000 19.186592	-113.629097 0.000000 21.018353
0 0.000000 0.000000 0.000000	0 0.000000 0.000000 0.000000
Waypoint Tigger
TRIGGER_ELEMENT 5
-96.011635 0.000000 46.812187
-0.052336 0.000000 0.998629	0.000000 1.000000 0.000000	-0.998629 0.000000 -0.052336
0 1 1.000000 35.000000 0.250000 0.000000 200.000000 13 -1 -1 13 -1 51 0 1 0 0
-113.487640 0.000000 45.896309	-78.535629 0.000000 47.728065
0 0.000000 0.000000 0.000000	0 0.000000 0.000000 0.000000
Waypoint Tigger
TRIGGER_ELEMENT 5
-129.304947 0.000000 70.542366
-0.087156 0.000000 0.996195	0.000000 1.000000 0.000000	-0.996195 0.000000 -0.087156
0 1 1.000000 35.000000 0.250000 0.000000 200.000000 14 -1 -1 14 -1 52 0 1 0 0
-146.738358 0.000000 69.017136	-111.871536 0.000000 72.067596
0 0.000000 0.000000 0.000000	0 0.000000 0.000000 0.000000
Waypoint Tigger
TRIGGER_ELEMENT 5
-42.848824 0.000000 -2.896689
-0.034899 0.000000 0.999391	0.000000 1.000000 0.000000	-0.999391 0.000000 -0.034899
0 1 1.000000 35.299999 0.250000 0.000000 200.000000 16 -1 -1 16 -1 53 0 0 0 0
-60.488075 0.000000 -3.512656	-25.209572 0.000000 -2.280722
0 0.000000 0.000000 0.000000	0 0.000000 0.000000 0.000000
Waypoint Tigger
TRIGGER_ELEMENT 5
-24.786942 0.000000 90.793121
1.000000 0.000000 0.000000	0.000000 1.000000 0.000000	0.000000 0.000000 1.000000
0 1 1.000000 35.000000 0.250000 0.000000 200.000000 15 -1 -1 15 -1 53 0 1 0 0
-24.786942 0.000000 108.293121	-24.786942 0.000000 73.293121
0 0.000000 0.000000 0.000000	0 0.000000 0.000000 0.000000
Waypoint Tigger
TRIGGER_ELEMENT 5
-0.093772 0.000000 102.426224
0.017453 0.000000 -0.999848	0.000000 1.000000 0.000000	0.999848 0.000000 0.017453
1 1 10.000000 10.800000 0.250000 0.000000 200.000000 18 -1 -1 18 -1 -1 0 1 0 0
5.305408 0.000000 102.520470	-5.492951 0.000000 102.331978
0 0.000000 0.000000 0.000000	0 0.000000 0.000000 0.000000
End
GEOM_ELEMENT 4
120.484100 4.578197 68.113487
0.999937 0.000000 0.000000	0.000000 0.999968 0.000000	0.000000 0.000000 0.999968
1 827806273 0 0 -1 0 1 52
a1
GEOM_ELEMENT 4
109.668488 5.774005 40.261456
-0.999847 0.000000 0.017453	0.000000 1.000000 0.000000	-0.017453 0.000000 -0.999847
1 827806273 0 0 -1 0 1 67
a2
GEOM_ELEMENT 4
122.232544 3.981440 13.881329
0.999937 0.000000 0.000000	0.000000 0.999968 0.000000	0.000000 0.000000 0.999968
1 827806273 0 0 -1 0 1 49
a3
GEOM_ELEMENT 4
112.962540 4.641105 -10.079227
-0.996195 0.000000 0.087156	0.000000 1.000000 0.000000	-0.087156 0.000000 -0.996195
1 827806273 0 0 -1 0 1 55
a4
GEOM_ELEMENT 4
119.355736 4.660892 -39.486843
0.999937 0.000000 0.000000	0.000000 0.999968 0.000000	0.000000 0.000000 0.999968
1 827806273 0 0 -1 0 1 73
a5
GEOM_ELEMENT 4
110.209564 4.833964 -66.086639
-0.978147 0.000000 0.207912	0.000000 1.000000 0.000000	-0.207912 0.000000 -0.978147
1 827806273 0 0 -1 0 1 58
a6
GEOM_ELEMENT 4
118.854134 3.418350 -97.878105
0.999937 0.000000 0.000000	0.000000 0.999968 0.000000	0.000000 0.000000 0.999968
1 844583489 0 0 -1 0 1 61
a7
GEOM_ELEMENT 4
-126.267471 0.000000 -95.741211
0.422618 0.000000 -0.906308	0.000000 1.000000 0.000000	0.906308 0.000000 0.422618
1 844583489 0 0 -1 1 1 100
a8
GEOM_ELEMENT 4
-106.671867 5.033813 -47.555756
0.999937 0.000000 0.000000	0.000000 0.999968 0.000000	0.000000 0.000000 0.999968
1 827806273 0 0 -1 0 1 50
a9
GEOM_ELEMENT 4
-118.812912 4.476237 -23.994795
-1.000000 0.000000 0.000000	0.000000 1.000000 0.000000	0.000000 0.000000 -1.000000
1 827806273 0 0 -1 0 1 64
a10
GEOM_ELEMENT 4
-109.696686 3.774656 5.016975
0.999937 0.000000 0.000000	0.000000 0.999968 0.000000	0.000000 0.000000 0.999968
1 827806273 0 0 -1 0 1 54
a11
GEOM_ELEMENT 4
-117.154060 2.656586 26.065626
-0.996194 0.000000 -0.087155	0.000000 1.000000 0.000000	0.087155 0.000000 -0.996195
1 827806273 0 0 -1 0 1 45
a12
GEOM_ELEMENT 4
-108.317467 4.657598 50.803303
0.999937 0.000000 0.000000	0.000000 0.999968 0.000000	0.000000 0.000000 0.999968
1 827806273 0 0 -1 0 1 48
a13
GEOM_ELEMENT 4
-116.056412 4.843746 80.603371
-0.999391 0.000000 -0.034900	0.000000 1.000000 0.000000	0.034900 0.000000 -0.999391
1 844583489 0 0 -1 0 1 76
a14
GEOM_ELEMENT 4
-19.012165 2.240340 78.475075
-0.087156 0.000000 0.996195	0.000000 1.000000 0.000000	-0.996195 0.000000 -0.087156
1 844583489 0 0 -1 0 1 55
a15
GEOM_ELEMENT 4
-27.947083 0.000000 -11.135693
-1.000000 0.000000 0.000000	0.000000 1.000000 0.000000	0.000000 0.000000 -1.000000
1 861360705 0 0 -1 1 1 78
a16
GEOM_ELEMENT 4
0.676230 1.603932 107.783730
0.999937 0.000000 0.000000	0.000000 0.999968 0.000000	0.000000 0.000000 0.999968
1 827806273 0 0 -1 0 1 79
af
TRIGGER_ELEMENT 5
7.888885 0.000000 -0.472363
-0.052336 0.000000 0.998629	0.000000 1.000000 0.000000	-0.998629 0.000000 -0.052336
0 1 1.000000 64.199997 0.250000 0.000000 200.000000 17 -1 -1 17 -1 54 0 1 0 0
-24.167103 0.000000 -2.152349	39.944874 0.000000 1.207623
0 0.000000 0.000000 0.000000	0 0.000000 0.000000 0.000000
Waypoint Tigger
