TRIGGER_ELEMENT 5
-1.782496 0.000000 153.678192
1.000000 0.000000 0.000000	0.000000 1.000000 0.000000	0.000000 0.000000 1.000000
2 0 1.000000 3.000000 0.250000 0.000000 200.000000 0 -1 -1 0 -1 15 0 0 0 0
-1.782496 0.000000 155.178192	-1.782496 0.000000 152.178192
0 0.000000 0.000000 0.000000	2 0.000000 0.000000 -1.000000

GEOM_ELEMENT 4
2.474534 0.000000 153.208237
0.999937 0.000000 0.000000	0.000000 0.999968 0.000000	0.000000 0.000000 0.999968
0 1162760003 0 0 -1 1 1 100
Geometry Element
GEOM_ELEMENT 4
-6.980997 0.000000 153.249176
0.999937 0.000000 0.000000	0.000000 0.999968 0.000000	0.000000 0.000000 0.999968
0 1162760003 0 0 -1 1 1 100
Geometry Element
GEOM_ELEMENT 4
-16.184860 0.000000 28.197369
0.999937 0.000000 0.000000	0.000000 0.999968 0.000000	0.000000 0.000000 0.999968
0 1162760003 0 0 -1 1 1 100
Geometry Element
GEOM_ELEMENT 4
-16.851946 0.000000 17.461367
0.999937 0.000000 0.000000	0.000000 0.999968 0.000000	0.000000 0.000000 0.999968
0 1162760003 0 0 -1 1 1 100
Geometry Element
GEOM_ELEMENT 4
-16.877621 0.000000 7.740501
0.999937 0.000000 0.000000	0.000000 0.999968 0.000000	0.000000 0.000000 0.999968
0 1162760003 0 0 -1 1 1 100
Geometry Element
GEOM_ELEMENT 4
-17.161110 0.000000 -3.572811
0.996189 0.000000 -0.087155	0.000000 0.999997 0.000000	0.087155 0.000000 0.996192
0 1162760003 0 0 -1 1 1 100
Geometry Element
GEOM_ELEMENT 4
-16.482063 0.000000 -12.868324
0.999937 0.000000 0.000000	0.000000 0.999968 0.000000	0.000000 0.000000 0.999968
0 1162760003 0 0 -1 1 1 100
Geometry Element
GEOM_ELEMENT 4
19.164454 0.000000 -13.162069
0.999937 0.000000 0.000000	0.000000 0.999968 0.000000	0.000000 0.000000 0.999968
0 1162760003 0 0 -1 1 1 100
Geometry Element
GEOM_ELEMENT 4
20.114832 0.000000 -2.988779
0.996193 0.000000 -0.087156	0.000000 0.999999 0.000000	0.087156 0.000000 0.996194
0 1162760003 0 0 -1 1 1 100
Geometry Element
GEOM_ELEMENT 4
20.296711 0.000000 8.108919
0.999937 0.000000 0.000000	0.000000 0.999968 0.000000	0.000000 0.000000 0.999968
0 1162760003 0 0 -1 1 1 100
Geometry Element
GEOM_ELEMENT 4
20.435871 0.000000 18.211998
0.999937 0.000000 0.000000	0.000000 0.999968 0.000000	0.000000 0.000000 0.999968
0 1162760003 0 0 -1 1 1 100
Geometry Element
GEOM_ELEMENT 4
19.778923 0.000000 28.714411
0.999937 0.000000 0.000000	0.000000 0.999968 0.000000	0.000000 0.000000 0.999968
0 1162760003 0 0 -1 1 1 100
Geometry Element
GEOM_ELEMENT 4
2.668618 0.000000 -155.624268
0.999937 0.000000 0.000000	0.000000 0.999968 0.000000	0.000000 0.000000 0.999968
0 1162760003 0 0 -1 1 1 100
Geometry Element
GEOM_ELEMENT 4
4.461128 0.000000 -161.728668
-0.994522 0.000000 0.104529	0.000000 1.000000 0.000000	-0.104529 0.000000 -0.994522
1 861360705 0 0 -1 1 1 110
a2
GEOM_ELEMENT 4
1.950070 5.019602 6.405842
0.999937 0.000000 0.000000	0.000000 0.999968 0.000000	0.000000 0.000000 0.999968
1 878137921 0 0 -1 0 1 86
a1
TRIGGER_ELEMENT 5
2.145172 0.000000 -10.139729
0.000000 0.000000 1.000000	0.000000 1.000000 0.000000	-1.000000 0.000000 0.000000
0 1 1.000000 34.400002 0.250000 0.000000 200.000000 5 -1 -1 5 -1 14 0 1 0 0
-15.054829 0.000000 -10.139729	19.345173 0.000000 -10.139729
2 0.000000 0.000000 -1.000000	3 0.000000 0.000000 -1.000000
Waypoint Tigger
TRIGGER_ELEMENT 5
1.840739 0.000000 28.531929
-0.052336 0.000000 0.998629	0.000000 1.000000 0.000000	-0.998629 0.000000 -0.052336
0 1 1.000000 35.500000 0.250000 0.000000 200.000000 1 -1 -1 1 -1 -1 0 0 0 0
-15.884925 0.000000 27.602964	19.566402 0.000000 29.460894
2 0.052336 0.000000 -0.998630	3 0.052336 0.000000 -0.998630
Waypoint Tigger
GEOM_ELEMENT 4
-2.527422 4.700661 154.766068
0.999937 0.000000 0.000000	0.000000 0.999968 0.000000	0.000000 0.000000 0.999968
1 827806273 0 0 -1 0 1 85
af
TRIGGER_ELEMENT 5
-2.429064 0.000000 153.425110
0.000000 0.000000 1.000000	0.000000 1.000000 0.000000	-1.000000 0.000000 0.000000
1 1 5.100000 9.500000 0.250000 0.000000 200.000000 13 -1 -1 13 -1 -1 0 1 0 0
-7.179064 0.000000 153.425110	2.320937 0.000000 153.425110
0 0.000000 0.000000 0.000000	0 0.000000 0.000000 0.000000
End
TRIGGER_ELEMENT 5
1.072539 0.000000 7.575968
-0.034900 0.000000 0.999391	0.000000 1.000000 0.000000	-0.999391 0.000000 -0.034900
0 1 1.000000 37.200001 0.250000 0.000000 200.000000 3 -1 -1 3 -1 -1 0 0 0 0
-17.516134 0.000000 6.926828	19.661211 0.000000 8.225108
2 0.034900 0.000000 -0.999391	1 -0.034900 0.000000 0.999391
Waypoint Tigger
TRIGGER_ELEMENT 5
1.504452 0.000000 19.507931
0.052336 0.000000 -0.998630	0.000000 1.000000 0.000000	0.998630 0.000000 0.052336
0 1 1.000000 37.299999 0.250000 0.000000 200.000000 2 -1 -1 2 -1 -1 0 0 0 0
20.128901 0.000000 20.483997	-17.119997 0.000000 18.531864
1 0.052336 0.000000 -0.998630	2 -0.998630 0.000000 -0.052336
Waypoint Tigger
TRIGGER_ELEMENT 5
2.132095 0.000000 -0.461815
-0.034899 0.000000 0.999391	0.000000 1.000000 0.000000	-0.999391 0.000000 -0.034899
0 1 1.000000 37.000000 0.250000 0.000000 200.000000 4 -1 -1 4 -1 -1 0 0 0 0
-16.356638 0.000000 -1.107446	20.620829 0.000000 0.183816
2 0.034899 0.000000 -0.999391	2 0.999391 0.000000 0.034899
Waypoint Tigger
TRIGGER_ELEMENT 5
1.627290 0.000000 -12.384710
0.000000 0.000000 1.000000	0.000000 1.000000 0.000000	-1.000000 0.000000 0.000000
0 1 1.000000 36.400002 0.250000 0.000000 200.000000 8 -1 -1 8 -1 -1 0 0 0 0
-16.572710 0.000000 -12.384710	19.827291 0.000000 -12.384710
1 0.000000 0.000000 1.000000	1 0.000000 0.000000 1.000000
Waypoint Tigger
TRIGGER_ELEMENT 5
1.564953 0.000000 -2.175235
-0.034899 0.000000 0.999391	0.000000 1.000000 0.000000	-0.999391 0.000000 -0.034899
0 1 1.000000 38.400002 0.250000 0.000000 200.000000 9 -1 -1 9 -1 -1 0 0 0 0
-17.623356 0.000000 -2.845296	20.753262 0.000000 -1.505174
1 -0.034899 0.000000 0.999391	2 0.999391 0.000000 0.034899
Waypoint Tigger
TRIGGER_ELEMENT 5
1.124537 0.000000 8.660765
0.052336 0.000000 -0.998630	0.000000 1.000000 0.000000	0.998630 0.000000 0.052336
0 1 1.000000 37.900002 0.250000 0.000000 200.000000 10 -1 -1 10 -1 -1 0 0 0 0
20.048576 0.000000 9.652532	-17.799503 0.000000 7.668997
2 -0.052336 0.000000 0.998630	1 0.052336 0.000000 -0.998630
Waypoint Tigger
TRIGGER_ELEMENT 5
1.568823 0.000000 18.612537
0.052336 0.000000 -0.998630	0.000000 1.000000 0.000000	0.998630 0.000000 0.052336
0 1 1.000000 37.500000 0.250000 0.000000 200.000000 11 -1 -1 11 -1 -1 0 0 0 0
20.293135 0.000000 19.593838	-17.155489 0.000000 17.631237
2 -0.052336 0.000000 0.998630	2 -0.998630 0.000000 -0.052336
Waypoint Tigger
TRIGGER_ELEMENT 5
1.895621 0.000000 26.248394
-0.052336 0.000000 0.998630	0.000000 1.000000 0.000000	-0.998630 0.000000 -0.052336
0 1 1.000000 36.000000 0.250000 0.000000 200.000000 12 -1 -1 12 -1 18 0 1 0 0
-16.079720 0.000000 25.306347	19.870960 0.000000 27.190441
1 -0.052336 0.000000 0.998630	1 -0.052336 0.000000 0.998630
Waypoint Tigger
TRIGGER_ELEMENT 5
-45.906605 0.000000 -158.164703
-0.052336 0.000000 0.998630	0.000000 1.000000 0.000000	-0.998630 0.000000 -0.052336
0 1 1.000000 96.700005 0.250000 0.000000 200.000000 6 -1 -1 6 -1 -1 0 65535 0 0
-94.190346 0.000000 -160.695129	2.377136 0.000000 -155.634277
0 0.000000 0.000000 0.000000	0 0.000000 0.000000 0.000000

TRIGGER_ELEMENT 5
59.021358 0.000000 -152.398895
-0.052336 0.000000 0.998629	0.000000 1.000000 0.000000	-0.998629 0.000000 -0.052336
0 1 1.000000 112.800003 0.250000 0.000000 200.000000 7 -1 -1 7 -1 30 0 1 0 0
2.698685 0.000000 -155.350647	115.344032 0.000000 -149.447144
0 0.000000 0.000000 0.000000	0 0.000000 0.000000 0.000000
Waypoint Tigger
GEOM_ELEMENT 4
1.269725 4.789475 8.137762
-0.999391 0.000000 0.034899	0.000000 1.000000 0.000000	-0.034899 0.000000 -0.999391
1 878137921 0 0 -1 0 1 100
ax
