GEOM_ELEMENT 4
-32.012722 0.000000 158.201263
0.999937 0.000000 0.000000	0.000000 0.999968 0.000000	0.000000 0.000000 0.999968
0 1162760003 0 0 -1 1 1 100
Geometry Element
GEOM_ELEMENT 4
-44.928040 0.000000 157.903015
0.999937 0.000000 0.000000	0.000000 0.999968 0.000000	0.000000 0.000000 0.999968
0 1162760003 0 0 -1 1 1 100
Geometry Element
GEOM_ELEMENT 4
-42.217587 0.000000 119.195442
0.999937 0.000000 0.000000	0.000000 0.999968 0.000000	0.000000 0.000000 0.999968
0 1162760003 0 0 -1 1 1 100
Geometry Element
GEOM_ELEMENT 4
-45.488068 0.000000 83.156548
0.999937 0.000000 0.000000	0.000000 0.999968 0.000000	0.000000 0.000000 0.999968
0 1162760003 0 0 -1 1 1 100
Geometry Element
GEOM_ELEMENT 4
43.721272 0.000000 84.131287
0.999937 0.000000 0.000000	0.000000 0.999968 0.000000	0.000000 0.000000 0.999968
0 1162760003 0 0 -1 1 1 100
Geometry Element
GEOM_ELEMENT 4
41.366623 0.000000 118.126144
0.999937 0.000000 0.000000	0.000000 0.999968 0.000000	0.000000 0.000000 0.999968
0 1162760003 0 0 -1 1 1 100
Geometry Element
GEOM_ELEMENT 4
49.551304 0.000000 157.273102
0.999937 0.000000 0.000000	0.000000 0.999968 0.000000	0.000000 0.000000 0.999968
0 1162760003 0 0 -1 1 1 100
Geometry Element
GEOM_ELEMENT 4
33.610016 0.000000 157.658203
0.999937 0.000000 0.000000	0.000000 0.999968 0.000000	0.000000 0.000000 0.999968
0 1162760003 0 0 -1 1 1 100
Geometry Element
GEOM_ELEMENT 4
45.007740 0.000000 37.714783
0.999937 0.000000 0.000000	0.000000 0.999968 0.000000	0.000000 0.000000 0.999968
0 1162760003 0 0 -1 1 1 100
Geometry Element
GEOM_ELEMENT 4
-47.335476 0.000000 -16.302866
0.999937 0.000000 0.000000	0.000000 0.999968 0.000000	0.000000 0.000000 0.999968
0 1162760003 0 0 -1 1 1 100
Geometry Element
GEOM_ELEMENT 4
46.157349 0.000000 -20.344864
0.999937 0.000000 0.000000	0.000000 0.999968 0.000000	0.000000 0.000000 0.999968
0 1162760003 0 0 -1 1 1 100
Geometry Element
TRIGGER_ELEMENT 5
-15.189705 0.000000 118.913712
0.000000 0.000000 -1.000000	0.000000 1.000000 0.000000	1.000000 0.000000 0.000000
0 1 1.000000 53.599998 0.250000 0.000000 200.000000 1 -1 -1 1 -1 24 0 1 0 0
11.610294 0.000000 118.913712	-41.989704 0.000000 118.913712
0 0.000000 0.000000 0.000000	0 0.000000 0.000000 0.000000
Waypoint Tigger
TRIGGER_ELEMENT 5
-71.287277 0.000000 82.986382
0.000000 0.000000 1.000000	0.000000 1.000000 0.000000	-1.000000 0.000000 0.000000
0 1 1.000000 51.700001 0.250000 0.000000 200.000000 2 -1 -1 2 -1 27 0 1 0 0
-97.137276 0.000000 82.986382	-45.437279 0.000000 82.986382
0 0.000000 0.000000 0.000000	0 0.000000 0.000000 0.000000
Waypoint Tigger
TRIGGER_ELEMENT 5
-20.349485 0.000000 39.344898
-0.087156 0.000000 0.996195	0.000000 1.000000 0.000000	-0.996195 0.000000 -0.087156
0 1 1.000000 54.500000 0.250000 0.000000 200.000000 3 -1 -1 3 -1 28 0 1 0 0
-47.495800 0.000000 36.969898	6.796829 0.000000 41.719898
0 0.000000 0.000000 0.000000	0 0.000000 0.000000 0.000000
Waypoint Tigger
TRIGGER_ELEMENT 5
-78.114990 0.000000 -16.283443
0.000000 0.000000 1.000000	0.000000 1.000000 0.000000	-1.000000 0.000000 0.000000
0 1 1.000000 61.099998 0.250000 0.000000 200.000000 4 -1 -1 4 -1 29 0 1 0 0
-108.664993 0.000000 -16.283443	-47.564991 0.000000 -16.283443
0 0.000000 0.000000 0.000000	0 0.000000 0.000000 0.000000
Waypoint Tigger
TRIGGER_ELEMENT 5
-8.923876 0.000000 -88.682236
1.000000 0.000000 0.000000	0.000000 1.000000 0.000000	0.000000 0.000000 1.000000
0 1 1.000000 134.199997 0.250000 0.000000 200.000000 5 -1 -1 5 -1 -1 0 65535 0 0
-8.923876 0.000000 -21.582237	-8.923876 0.000000 -155.782227
0 0.000000 0.000000 0.000000	0 0.000000 0.000000 0.000000
Waypoint Tigger
TRIGGER_ELEMENT 5
82.393829 0.000000 -21.713259
-0.034899 0.000000 -0.999391	0.000000 1.000000 0.000000	0.999391 0.000000 -0.034899
0 1 1.000000 72.099998 0.250000 0.000000 200.000000 6 -1 -1 6 -1 26 0 1 0 0
118.421875 0.000000 -22.971367	46.365784 0.000000 -20.455151
0 0.000000 0.000000 0.000000	0 0.000000 0.000000 0.000000
Waypoint Tigger
TRIGGER_ELEMENT 5
14.673372 0.000000 39.482296
0.052336 0.000000 0.998630	0.000000 1.000000 0.000000	-0.998630 0.000000 0.052336
0 1 1.000000 61.299999 0.250000 0.000000 200.000000 7 -1 -1 7 -1 25 0 1 0 0
-15.934637 0.000000 41.086395	45.281380 0.000000 37.878197
0 0.000000 0.000000 0.000000	0 0.000000 0.000000 0.000000
Waypoint Tigger
TRIGGER_ELEMENT 5
71.026459 0.000000 82.687584
-0.052336 0.000000 -0.998630	0.000000 1.000000 0.000000	0.998630 0.000000 -0.052336
0 1 1.000000 55.000000 0.250000 0.000000 200.000000 8 -1 -1 8 -1 31 0 1 0 0
98.488785 0.000000 81.248344	43.564133 0.000000 84.126823
0 0.000000 0.000000 0.000000	0 0.000000 0.000000 0.000000
Waypoint Tigger
TRIGGER_ELEMENT 5
11.599283 0.000000 118.103218
0.000000 0.000000 -1.000000	0.000000 1.000000 0.000000	1.000000 0.000000 0.000000
0 1 1.000000 59.700001 0.250000 0.000000 200.000000 9 -1 -1 9 -1 30 0 1 0 0
41.449284 0.000000 118.103218	-18.250717 0.000000 118.103218
0 0.000000 0.000000 0.000000	0 0.000000 0.000000 0.000000
Waypoint Tigger
GEOM_ELEMENT 4
-47.410973 0.000000 37.003429
0.999937 0.000000 0.000000	0.000000 0.999968 0.000000	0.000000 0.000000 0.999968
0 1162760003 0 0 -1 1 1 100
Geometry Element
TRIGGER_ELEMENT 5
-39.607067 0.000000 158.903885
1.000000 0.000000 0.000000	0.000000 1.000000 0.000000	0.000000 0.000000 1.000000
2 0 1.000000 3.000000 0.250000 0.000000 200.000000 0 -1 -1 0 -1 23 0 0 0 0
-39.607067 0.000000 160.403885	-39.607067 0.000000 157.403885
0 0.000000 0.000000 0.000000	2 0.000000 0.000000 -1.000000
Start
TRIGGER_ELEMENT 5
41.029720 0.000000 157.498505
0.034900 0.000000 0.999391	0.000000 1.000000 0.000000	-0.999391 0.000000 0.034900
1 1 10.000000 16.799999 0.250000 0.000000 200.000000 10 -1 -1 10 -1 -1 0 1 0 0
32.634834 0.000000 157.791656	49.424606 0.000000 157.205353
0 0.000000 0.000000 0.000000	0 0.000000 0.000000 0.000000
End
GEOM_ELEMENT 4
-39.481285 3.904308 108.954483
0.999937 0.000000 0.000000	0.000000 0.999968 0.000000	0.000000 0.000000 0.999968
1 827806273 0 0 -1 0 1 30
a1
GEOM_ELEMENT 4
-50.034248 4.277035 75.177338
0.999937 0.000000 0.000000	0.000000 0.999968 0.000000	0.000000 0.000000 0.999968
1 827806273 0 0 -1 0 1 43
a2
GEOM_ELEMENT 4
50.958241 4.001177 90.495064
1.000000 0.000000 0.000000	0.000000 1.000000 0.000000	0.000000 0.000000 1.000000
1 827806273 0 0 -1 0 1 62
a7
GEOM_ELEMENT 4
40.571690 4.322906 44.634476
0.999937 0.000000 0.000000	0.000000 0.999968 0.000000	0.000000 0.000000 0.999968
1 827806273 0 0 -1 0 1 36
a6
GEOM_ELEMENT 4
-45.855373 4.400412 34.186039
0.999937 0.000000 0.000000	0.000000 0.999968 0.000000	0.000000 0.000000 0.999968
1 827806273 0 0 -1 0 1 37
a3
GEOM_ELEMENT 4
-49.794395 2.172616 -23.050201
-0.992547 0.000609 0.121858	-0.003648 0.999391 -0.034708	-0.121805 -0.034894 -0.991940
1 844583489 0 0 -1 0 1 28
a4
GEOM_ELEMENT 4
66.528397 4.671879 -25.752039
0.052336 0.000000 -0.998629	0.000000 1.000000 0.000000	0.998630 0.000000 0.052336
1 844583489 0 0 -1 0 1 54
a5
GEOM_ELEMENT 4
41.319527 3.438982 167.487213
0.999937 0.000000 0.000000	0.000000 0.999968 0.000000	0.000000 0.000000 0.999968
1 827806273 0 0 -1 0 1 38
FA
GEOM_ELEMENT 4
37.201252 4.640896 124.546341
0.999937 0.000000 0.000000	0.000000 0.999968 0.000000	0.000000 0.000000 0.999968
1 827806273 0 0 -1 0 1 47
a8
