GEOM_ELEMENT 4
-158.058716 0.000000 70.829918
0.999937 0.000000 0.000000	0.000000 0.999968 0.000000	0.000000 0.000000 0.999968
0 1162760003 0 0 -1 1 1 100
Geometry Element
GEOM_ELEMENT 4
-43.960934 0.000000 -72.385544
0.999937 0.000000 0.000000	0.000000 0.999968 0.000000	0.000000 0.000000 0.999968
0 1162760003 0 0 -1 1 1 100
Geometry Element
GEOM_ELEMENT 4
22.309010 0.000000 -72.055061
0.999937 0.000000 0.000000	0.000000 0.999968 0.000000	0.000000 0.000000 0.999968
0 1162760003 0 0 -1 1 1 100
Geometry Element
GEOM_ELEMENT 4
93.478714 0.000000 -72.168831
0.999937 0.000000 0.000000	0.000000 0.999968 0.000000	0.000000 0.000000 0.999968
0 1162760003 0 0 -1 1 1 100
Geometry Element
GEOM_ELEMENT 4
157.696182 0.000000 -71.092285
0.999937 0.000000 0.000000	0.000000 0.999968 0.000000	0.000000 0.000000 0.999968
0 1162760003 0 0 -1 1 1 100
Geometry Element
GEOM_ELEMENT 4
123.477760 0.000000 64.146507
0.999937 0.000000 0.000000	0.000000 0.999968 0.000000	0.000000 0.000000 0.999968
0 1162760003 0 0 -1 1 1 100
Geometry Element
GEOM_ELEMENT 4
23.758747 0.000000 66.507095
0.999937 0.000000 0.000000	0.000000 0.999968 0.000000	0.000000 0.000000 0.999968
0 1162760003 0 0 -1 1 1 100
Geometry Element
GEOM_ELEMENT 4
-46.428360 0.000000 66.683159
0.999937 0.000000 0.000000	0.000000 0.999968 0.000000	0.000000 0.000000 0.999968
0 1162760003 0 0 -1 1 1 100
Geometry Element
GEOM_ELEMENT 4
-55.263348 0.000000 67.210724
0.999937 0.000000 0.000000	0.000000 0.999968 0.000000	0.000000 0.000000 0.999968
0 1162760003 0 0 -1 1 1 100
Geometry Element
TRIGGER_ELEMENT 5
-43.869411 0.000000 -38.453064
1.000000 0.000000 0.000000	0.000000 1.000000 0.000000	0.000000 0.000000 1.000000
0 1 1.000000 67.000000 0.250000 0.000000 200.000000 1 -1 -1 1 -1 26 0 1 0 0
-43.869411 0.000000 -4.953064	-43.869411 0.000000 -71.953064
0 0.000000 0.000000 0.000000	0 0.000000 0.000000 0.000000
Waypoint Tigger
TRIGGER_ELEMENT 5
22.486374 0.000000 -105.126335
1.000000 0.000000 0.000000	0.000000 1.000000 0.000000	0.000000 0.000000 1.000000
0 1 1.000000 65.199997 0.250000 0.000000 200.000000 2 -1 -1 2 -1 27 0 1 0 0
22.486374 0.000000 -72.526337	22.486374 0.000000 -137.726334
0 0.000000 0.000000 0.000000	0 0.000000 0.000000 0.000000
Waypoint Tigger
TRIGGER_ELEMENT 5
93.583740 0.000000 -36.402847
1.000000 0.000000 0.000000	0.000000 1.000000 0.000000	0.000000 0.000000 1.000000
0 1 1.000000 70.699997 0.250000 0.000000 200.000000 3 -1 -1 3 -1 28 0 1 0 0
93.583740 0.000000 -1.052849	93.583740 0.000000 -71.752846
0 0.000000 0.000000 0.000000	0 0.000000 0.000000 0.000000
Waypoint Tigger
TRIGGER_ELEMENT 5
157.394592 0.000000 -97.182594
1.000000 0.000000 0.000000	0.000000 1.000000 0.000000	0.000000 0.000000 1.000000
0 1 1.000000 52.200001 0.250000 0.000000 200.000000 4 -1 -1 4 -1 29 0 1 0 0
157.394592 0.000000 -71.082596	157.394592 0.000000 -123.282593
0 0.000000 0.000000 0.000000	0 0.000000 0.000000 0.000000
Waypoint Tigger
TRIGGER_ELEMENT 5
157.111755 0.000000 62.544212
-0.052336 0.000000 -0.998630	0.000000 1.000000 0.000000	0.998630 0.000000 -0.052336
0 1 1.000000 65.099998 0.250000 0.000000 200.000000 6 -1 -1 6 -1 -1 0 65535 0 0
189.617157 0.000000 60.840675	124.606354 0.000000 64.247749
0 0.000000 0.000000 0.000000	0 0.000000 0.000000 0.000000
Waypoint Tigger
TRIGGER_ELEMENT 5
95.404388 0.000000 65.580490
0.034900 0.000000 0.999391	0.000000 1.000000 0.000000	-0.999391 0.000000 0.034900
0 1 1.000000 54.500000 0.250000 0.000000 200.000000 7 -1 -1 7 -1 30 0 1 0 0
68.170982 0.000000 66.531517	122.637794 0.000000 64.629463
0 0.000000 0.000000 0.000000	0 0.000000 0.000000 0.000000
Waypoint Tigger
TRIGGER_ELEMENT 5
125.701187 0.000000 -71.358086
-0.034899 0.000000 0.999391	0.000000 1.000000 0.000000	-0.999391 0.000000 -0.034899
0 1 1.000000 64.699997 0.250000 0.000000 200.000000 8 -1 -1 8 -1 -1 0 65535 0 0
93.370888 0.000000 -72.487068	158.031494 0.000000 -70.229103
0 0.000000 0.000000 0.000000	0 0.000000 0.000000 0.000000
Waypoint Tigger
TRIGGER_ELEMENT 5
59.756729 0.000000 -72.966736
-0.017452 0.000000 0.999847	0.000000 1.000000 0.000000	-0.999847 0.000000 -0.017452
0 1 1.000000 66.500000 0.250000 0.000000 200.000000 9 -1 -1 9 -1 31 0 1 0 0
26.511818 0.000000 -73.547012	93.001640 0.000000 -72.386459
0 0.000000 0.000000 0.000000	0 0.000000 0.000000 0.000000
Waypoint Tigger
TRIGGER_ELEMENT 5
63.879002 0.000000 65.386925
0.034900 0.000000 0.999391	0.000000 1.000000 0.000000	-0.999391 0.000000 0.034900
0 1 1.000000 79.500000 0.250000 0.000000 200.000000 10 -1 -1 10 -1 -1 0 0 0 0
24.153210 0.000000 66.774200	103.604797 0.000000 63.999649
0 0.000000 0.000000 0.000000	0 0.000000 0.000000 0.000000
Waypoint Tigger
TRIGGER_ELEMENT 5
-13.347142 0.000000 66.674805
0.000000 0.000000 1.000000	0.000000 1.000000 0.000000	-1.000000 0.000000 0.000000
0 1 1.000000 73.699997 0.250000 0.000000 200.000000 11 -1 -1 11 -1 32 0 1 0 0
-50.197140 0.000000 66.674805	23.502857 0.000000 66.674805
0 0.000000 0.000000 0.000000	0 0.000000 0.000000 0.000000
Waypoint Tigger
TRIGGER_ELEMENT 5
-8.327133 0.000000 -70.767349
-0.052336 0.000000 0.998630	0.000000 1.000000 0.000000	-0.998630 0.000000 -0.052336
0 1 1.000000 70.400002 0.250000 0.000000 200.000000 12 -1 -1 12 -1 -1 0 0 0 0
-43.478909 0.000000 -72.609573	26.824642 0.000000 -68.925125
0 0.000000 0.000000 0.000000	0 0.000000 0.000000 0.000000
Waypoint Tigger
TRIGGER_ELEMENT 5
-74.026009 0.000000 -68.437004
0.121869 0.000000 0.992546	0.000000 1.000000 0.000000	-0.992546 0.000000 0.121869
0 1 1.000000 58.900002 0.250000 0.000000 200.000000 13 -1 -1 13 -1 33 0 1 0 0
-103.256485 0.000000 -64.847961	-44.795528 0.000000 -72.026047
0 0.000000 0.000000 0.000000	0 0.000000 0.000000 0.000000
Waypoint Tigger
TRIGGER_ELEMENT 5
-50.416908 0.000000 67.174988
-0.034899 0.000000 -0.999391	0.000000 1.000000 0.000000	0.999391 0.000000 -0.034899
1 1 4.500000 9.300000 0.250000 0.000000 200.000000 14 -1 -1 14 -1 -1 0 1 0 0
-45.769741 0.000000 67.012703	-55.064075 0.000000 67.337273
0 0.000000 0.000000 0.000000	0 0.000000 0.000000 0.000000
End
GEOM_ELEMENT 4
-100.700661 0.000000 -58.567314
0.999937 0.000000 0.000000	0.000000 0.999968 0.000000	0.000000 0.000000 0.999968
0 1162760003 0 0 -1 1 1 100
Geometry Element
GEOM_ELEMENT 4
-101.069275 0.000000 -69.900887
0.999937 0.000000 0.000000	0.000000 0.999968 0.000000	0.000000 0.000000 0.999968
0 1162760003 0 0 -1 1 1 100
Geometry Element
TRIGGER_ELEMENT 5
-101.939926 0.000000 -64.100365
1.000000 0.000000 0.000000	0.000000 1.000000 0.000000	0.000000 0.000000 1.000000
2 0 1.000000 3.000000 0.250000 0.000000 200.000000 0 -1 -1 0 -1 25 0 0 0 0
-101.939926 0.000000 -62.600365	-101.939926 0.000000 -65.600365
0 0.000000 0.000000 0.000000	1 1.000000 0.000000 0.000000
Start
GEOM_ELEMENT 4
-36.697098 4.325976 -66.619781
0.017453 0.000000 0.999848	0.000000 1.000000 0.000000	-0.999848 0.000000 0.017453
1 827806273 0 0 -1 0 1 50
a1
GEOM_ELEMENT 4
27.396547 3.716510 -75.763672
-0.156434 0.000000 -0.987688	0.000000 1.000000 0.000000	0.987688 0.000000 -0.156434
1 827806273 0 0 -1 0 1 48
a2
GEOM_ELEMENT 4
95.818695 3.666167 -68.779999
0.052486 -0.009033 -0.998581	-0.033191 0.999391 -0.010785	0.998070 0.033710 0.052154
1 827806273 0 0 -1 0 1 47
a3
GEOM_ELEMENT 4
162.701447 3.440492 -75.428131
0.121869 0.000000 -0.992546	0.000000 1.000000 0.000000	0.992546 0.000000 0.121869
1 844583489 0 0 -1 0 1 55
a4
GEOM_ELEMENT 4
119.271225 0.000000 75.732269
0.999937 0.000000 0.000000	0.000000 0.999968 0.000000	0.000000 0.000000 0.999968
1 861360705 0 0 -1 1 1 139
a5
GEOM_ELEMENT 4
89.776230 0.000000 -79.726273
0.999937 0.000000 0.000000	0.000000 0.999968 0.000000	0.000000 0.000000 0.999968
1 861360705 0 0 -1 1 1 131
a6
GEOM_ELEMENT 4
21.540905 0.000000 74.101501
0.999937 0.000000 0.000000	0.000000 0.999968 0.000000	0.000000 0.000000 0.999968
1 861360705 0 0 -1 1 1 137
a7
GEOM_ELEMENT 4
-51.236160 0.000000 -83.372604
0.999937 0.000000 0.000000	0.000000 0.999968 0.000000	0.000000 0.000000 0.999968
1 861360705 0 0 -1 1 1 132
a8
GEOM_ELEMENT 4
-50.631577 2.594298 70.306664
0.999937 0.000000 0.000000	0.000000 0.999968 0.000000	0.000000 0.000000 0.999968
1 827806273 0 0 -1 0 1 100
af
TRIGGER_ELEMENT 5
159.217331 0.000000 57.321167
0.052336 0.000000 0.998629	0.000000 1.000000 0.000000	-0.998629 0.000000 0.052336
0 1 1.000000 69.900002 0.250000 0.000000 200.000000 5 -1 -1 5 -1 -1 0 65535 0 0
124.315231 0.000000 59.150314	194.119431 0.000000 55.492020
0 0.000000 0.000000 0.000000	0 0.000000 0.000000 0.000000

