GEOM_ELEMENT 4
-92.516304 0.000000 154.225952
0.999937 0.000000 0.000000	0.000000 0.999968 0.000000	0.000000 0.000000 0.999968
0 1162760003 0 0 -1 1 1 100
Geometry Element
GEOM_ELEMENT 4
-105.000374 0.000000 155.009293
0.999937 0.000000 0.000000	0.000000 0.999968 0.000000	0.000000 0.000000 0.999968
0 1162760003 0 0 -1 1 1 100
Geometry Element
GEOM_ELEMENT 4
-100.151764 0.000000 133.502914
0.999937 0.000000 0.000000	0.000000 0.999968 0.000000	0.000000 0.000000 0.999968
0 1162760003 0 0 -1 1 1 100
Geometry Element
GEOM_ELEMENT 4
-104.522888 0.000000 107.130730
0.999937 0.000000 0.000000	0.000000 0.999968 0.000000	0.000000 0.000000 0.999968
0 1162760003 0 0 -1 1 1 100
Geometry Element
GEOM_ELEMENT 4
41.529179 0.000000 80.472534
0.999937 0.000000 0.000000	0.000000 0.999968 0.000000	0.000000 0.000000 0.999968
0 1162760003 0 0 -1 1 1 100
Geometry Element
GEOM_ELEMENT 4
51.258900 0.000000 81.847702
0.999937 0.000000 0.000000	0.000000 0.999968 0.000000	0.000000 0.000000 0.999968
0 1162760003 0 0 -1 1 1 100
Geometry Element
GEOM_ELEMENT 4
59.828602 0.000000 81.002220
0.999937 0.000000 0.000000	0.000000 0.999968 0.000000	0.000000 0.000000 0.999968
0 1162760003 0 0 -1 1 1 100
Geometry Element
GEOM_ELEMENT 4
68.315514 0.000000 80.948494
0.999937 0.000000 0.000000	0.000000 0.999968 0.000000	0.000000 0.000000 0.999968
0 1162760003 0 0 -1 1 1 100
Geometry Element
GEOM_ELEMENT 4
76.856964 0.000000 81.476776
0.999937 0.000000 0.000000	0.000000 0.999968 0.000000	0.000000 0.000000 0.999968
0 1162760003 0 0 -1 1 1 100
Geometry Element
GEOM_ELEMENT 4
76.813583 0.000000 107.037689
0.999937 0.000000 0.000000	0.000000 0.999968 0.000000	0.000000 0.000000 0.999968
0 1162760003 0 0 -1 1 1 100
Geometry Element
GEOM_ELEMENT 4
68.215469 0.000000 106.559189
0.999937 0.000000 0.000000	0.000000 0.999968 0.000000	0.000000 0.000000 0.999968
0 1162760003 0 0 -1 1 1 100
Geometry Element
GEOM_ELEMENT 4
59.233383 0.000000 106.590950
0.999937 0.000000 0.000000	0.000000 0.999968 0.000000	0.000000 0.000000 0.999968
0 1162760003 0 0 -1 1 1 100
Geometry Element
GEOM_ELEMENT 4
51.238033 0.000000 107.055939
0.999937 0.000000 0.000000	0.000000 0.999968 0.000000	0.000000 0.000000 0.999968
0 1162760003 0 0 -1 1 1 100
Geometry Element
GEOM_ELEMENT 4
41.891193 0.000000 106.193375
0.999937 0.000000 0.000000	0.000000 0.999968 0.000000	0.000000 0.000000 0.999968
0 1162760003 0 0 -1 1 1 100
Geometry Element
GEOM_ELEMENT 4
108.968185 0.000000 89.277588
0.999937 0.000000 0.000000	0.000000 0.999968 0.000000	0.000000 0.000000 0.999968
0 1162760003 0 0 -1 1 1 100
Geometry Element
GEOM_ELEMENT 4
78.063568 0.000000 34.279896
0.999937 0.000000 0.000000	0.000000 0.999968 0.000000	0.000000 0.000000 0.999968
0 1162760003 0 0 -1 1 1 100
Geometry Element
GEOM_ELEMENT 4
22.877626 0.000000 32.080612
0.999937 0.000000 0.000000	0.000000 0.999968 0.000000	0.000000 0.000000 0.999968
0 1162760003 0 0 -1 1 1 100
Geometry Element
GEOM_ELEMENT 4
-35.377686 0.000000 35.327446
0.999937 0.000000 0.000000	0.000000 0.999968 0.000000	0.000000 0.000000 0.999968
0 1162760003 0 0 -1 1 1 100
Geometry Element
GEOM_ELEMENT 4
-90.869141 0.000000 35.441013
0.999937 0.000000 0.000000	0.000000 0.999968 0.000000	0.000000 0.000000 0.999968
0 1162760003 0 0 -1 1 1 100
Geometry Element
GEOM_ELEMENT 4
-144.462585 0.000000 41.816605
0.999937 0.000000 0.000000	0.000000 0.999968 0.000000	0.000000 0.000000 0.999968
0 1162760003 0 0 -1 1 1 100
Geometry Element
GEOM_ELEMENT 4
-143.675735 0.000000 26.327473
0.999937 0.000000 0.000000	0.000000 0.999968 0.000000	0.000000 0.000000 0.999968
0 1162760003 0 0 -1 1 1 100
Geometry Element
TRIGGER_ELEMENT 5
-98.992004 0.000000 153.821640
1.000000 0.000000 0.000000	0.000000 1.000000 0.000000	0.000000 0.000000 1.000000
2 0 1.000000 3.000000 0.250000 0.000000 200.000000 0 -1 -1 0 -1 34 0 0 0 0
-98.992004 0.000000 155.321640	-98.992004 0.000000 152.321640
0 0.000000 0.000000 0.000000	2 0.000000 0.000000 -1.000000
Start
TRIGGER_ELEMENT 5
-123.441643 0.000000 107.782211
0.034900 0.000000 0.999391	0.000000 1.000000 0.000000	-0.999391 0.000000 0.034900
0 1 1.000000 36.000000 0.250000 0.000000 200.000000 1 -1 -1 1 -1 -1 0 0 0 0
-141.430679 0.000000 108.410408	-105.452606 0.000000 107.154015
0 0.000000 0.000000 0.000000	0 0.000000 0.000000 0.000000
Waypoint Tigger
TRIGGER_ELEMENT 5
-87.618912 0.000000 107.229263
0.000000 0.000000 -1.000000	0.000000 1.000000 0.000000	1.000000 0.000000 0.000000
0 1 1.000000 31.700001 0.250000 0.000000 200.000000 2 -1 -1 2 -1 35 0 1 0 0
-71.768913 0.000000 107.229263	-103.468910 0.000000 107.229263
0 0.000000 0.000000 0.000000	0 0.000000 0.000000 0.000000
Waypoint Tigger
TRIGGER_ELEMENT 5
-119.866058 0.000000 135.040131
0.087156 0.000000 0.996195	0.000000 1.000000 0.000000	-0.996195 0.000000 0.087156
0 1 1.000000 41.000000 0.250000 0.000000 200.000000 3 -1 -1 3 -1 -1 0 0 0 0
-140.288055 0.000000 136.826828	-99.444061 0.000000 133.253433
0 0.000000 0.000000 0.000000	0 0.000000 0.000000 0.000000
Waypoint Tigger
TRIGGER_ELEMENT 5
-80.093086 0.000000 131.115265
0.104529 0.000000 0.994522	0.000000 1.000000 0.000000	-0.994522 0.000000 0.104529
0 1 1.000000 40.000000 0.250000 0.000000 200.000000 4 -1 -1 4 -1 36 0 1 0 0
-99.983528 0.000000 133.205841	-60.202644 0.000000 129.024689
0 0.000000 0.000000 0.000000	0 0.000000 0.000000 0.000000
Waypoint Tigger
TRIGGER_ELEMENT 5
-124.605118 0.000000 106.791428
0.034900 0.000000 0.999391	0.000000 1.000000 0.000000	-0.999391 0.000000 0.034900
0 1 1.000000 40.000000 0.250000 0.000000 200.000000 5 -1 -1 5 -1 -1 0 0 0 0
-144.592941 0.000000 107.489426	-104.617294 0.000000 106.093430
0 0.000000 0.000000 0.000000	0 0.000000 0.000000 0.000000
Waypoint Tigger
TRIGGER_ELEMENT 5
-104.699570 0.000000 86.308243
1.000000 0.000000 0.000000	0.000000 1.000000 0.000000	0.000000 0.000000 1.000000
0 1 1.000000 40.000000 0.250000 0.000000 200.000000 6 -1 -1 6 -1 37 0 1 0 0
-104.699570 0.000000 106.308243	-104.699570 0.000000 66.308243
0 0.000000 0.000000 0.000000	0 0.000000 0.000000 0.000000
Waypoint Tigger
TRIGGER_ELEMENT 5
136.577423 0.000000 98.264847
-0.309016 0.000000 0.951056	0.000000 1.000000 0.000000	-0.951056 0.000000 -0.309016
0 1 1.000000 57.200001 0.250000 0.000000 200.000000 13 -1 -1 13 -1 40 0 1 0 0
109.377220 0.000000 89.426987	163.777618 0.000000 107.102707
0 0.000000 0.000000 0.000000	0 0.000000 0.000000 0.000000
Waypoint Tigger
TRIGGER_ELEMENT 5
77.382896 0.000000 15.047768
1.000000 0.000000 0.000000	0.000000 1.000000 0.000000	0.000000 0.000000 1.000000
0 1 1.000000 40.000000 0.250000 0.000000 200.000000 14 -1 -1 14 -1 41 0 1 0 0
77.382896 0.000000 35.047768	77.382896 0.000000 -4.952232
0 0.000000 0.000000 0.000000	0 0.000000 0.000000 0.000000
Waypoint Tigger
TRIGGER_ELEMENT 5
22.151737 0.000000 51.311611
1.000000 0.000000 0.000000	0.000000 1.000000 0.000000	0.000000 0.000000 1.000000
0 1 1.000000 40.000000 0.250000 0.000000 200.000000 15 -1 -1 15 -1 42 0 1 0 0
22.151737 0.000000 71.311615	22.151737 0.000000 31.311611
0 0.000000 0.000000 0.000000	0 0.000000 0.000000 0.000000
Waypoint Tigger
TRIGGER_ELEMENT 5
-35.223457 0.000000 15.646713
1.000000 0.000000 0.000000	0.000000 1.000000 0.000000	0.000000 0.000000 1.000000
0 1 1.000000 40.000000 0.250000 0.000000 200.000000 16 -1 -1 16 -1 43 0 1 0 0
-35.223457 0.000000 35.646713	-35.223457 0.000000 -4.353287
0 0.000000 0.000000 0.000000	0 0.000000 0.000000 0.000000
Waypoint Tigger
TRIGGER_ELEMENT 5
-91.402359 0.000000 56.101551
1.000000 0.000000 0.000000	0.000000 1.000000 0.000000	0.000000 0.000000 1.000000
0 1 1.000000 40.000000 0.250000 0.000000 200.000000 17 -1 -1 17 -1 44 0 1 0 0
-91.402359 0.000000 76.101547	-91.402359 0.000000 36.101551
0 0.000000 0.000000 0.000000	0 0.000000 0.000000 0.000000
Waypoint Tigger
TRIGGER_ELEMENT 5
-144.129211 0.000000 33.997131
1.000000 0.000000 0.000000	0.000000 1.000000 0.000000	0.000000 0.000000 1.000000
1 1 10.000000 14.400000 0.250000 0.000000 200.000000 18 -1 -1 18 -1 -1 0 1 0 0
-144.129211 0.000000 41.197132	-144.129211 0.000000 26.797131
0 0.000000 0.000000 0.000000	0 0.000000 0.000000 0.000000
End
GEOM_ELEMENT 4
-105.976776 0.000000 101.955101
-0.987688 0.000000 -0.156434	0.000000 1.000000 0.000000	0.156434 0.000000 -0.987688
1 861360705 0 0 -1 1 1 55
a1
GEOM_ELEMENT 4
-99.859833 0.000000 141.451111
-0.998629 0.000000 0.052336	0.000000 1.000000 0.000000	-0.052336 0.000000 -0.998629
1 861360705 0 0 -1 1 1 41
a2
GEOM_ELEMENT 4
-106.779205 4.188152 100.460228
-0.996194 0.000000 0.087156	0.000000 1.000000 0.000000	-0.087156 0.000000 -0.996195
1 844583489 0 0 -1 0 1 60
a3
GEOM_ELEMENT 4
62.217163 0.000000 93.867500
0.052336 0.000000 0.998629	0.000000 1.000000 0.000000	-0.998629 0.000000 0.052336
1 878137921 0 0 -1 1 1 73
a5
TRIGGER_ELEMENT 5
41.697525 0.000000 93.264999
1.000000 0.000000 0.000000	0.000000 1.000000 0.000000	0.000000 0.000000 1.000000
0 1 1.000000 25.299999 0.250000 0.000000 200.000000 7 -1 -1 7 -1 37 0 0 0 0
41.697525 0.000000 105.915001	41.697525 0.000000 80.614998
1 1.000000 0.000000 0.000000	1 1.000000 0.000000 0.000000
Waypoint Tigger
GEOM_ELEMENT 4
119.280907 2.655933 93.012878
-0.258748 -0.002739 0.965941	-0.000640 0.999996 0.002664	-0.965944 0.000072 -0.258749
1 844583489 0 0 -1 0 1 60
a5a
GEOM_ELEMENT 4
70.819908 4.085136 16.657272
0.309017 0.000000 -0.951056	0.000000 1.000000 0.000000	0.951056 0.000000 0.309017
1 827806273 0 0 -1 0 1 55
a6
GEOM_ELEMENT 4
11.780567 5.395910 35.802769
0.000000 0.000000 1.000000	0.000000 1.000000 0.000000	-1.000000 0.000000 0.000000
1 827806273 0 0 -1 0 1 53
a7
GEOM_ELEMENT 4
-43.338177 5.170076 32.089310
0.139173 0.000000 -0.990268	0.000000 1.000000 0.000000	0.990268 0.000000 0.139173
1 827806273 0 0 -1 0 1 58
a8
GEOM_ELEMENT 4
-97.841698 5.372959 40.562988
0.104365 -0.061665 0.992625	0.160704 0.986005 0.044357	-0.981469 0.154889 0.112814
1 827806273 0 0 -1 0 1 70
a9
GEOM_ELEMENT 4
-149.792175 0.000000 34.527245
0.173648 0.000000 0.984807	0.000000 1.000000 0.000000	-0.984808 0.000000 0.173648
1 827806273 0 0 -1 1 1 80
af
TRIGGER_ELEMENT 5
51.141212 0.000000 94.641335
1.000000 0.000000 0.000000	0.000000 1.000000 0.000000	0.000000 0.000000 1.000000
0 1 1.000000 24.400000 0.250000 0.000000 200.000000 8 -1 -1 8 -1 -1 0 0 0 0
51.141212 0.000000 106.841331	51.141212 0.000000 82.441338
1 1.000000 0.000000 0.000000	2 0.000000 0.000000 -1.000000
Waypoint Tigger
TRIGGER_ELEMENT 5
59.488079 0.000000 93.497131
-1.000000 0.000000 0.000000	0.000000 1.000000 0.000000	0.000000 0.000000 -1.000000
0 1 1.000000 25.400000 0.250000 0.000000 200.000000 9 -1 -1 9 -1 -1 0 0 0 0
59.488079 0.000000 80.797134	59.488079 0.000000 106.197128
2 1.000000 0.000000 0.000000	1 -1.000000 0.000000 0.000000
Waypoint Tigger
TRIGGER_ELEMENT 5
68.204605 0.000000 94.190788
-1.000000 0.000000 0.000000	0.000000 1.000000 0.000000	0.000000 0.000000 -1.000000
0 1 1.000000 24.900000 0.250000 0.000000 200.000000 10 -1 -1 10 -1 -1 0 0 0 0
68.204605 0.000000 81.740791	68.204605 0.000000 106.640785
2 1.000000 0.000000 0.000000	2 0.000000 0.000000 1.000000
Waypoint Tigger
TRIGGER_ELEMENT 5
76.722237 0.000000 94.077003
1.000000 0.000000 0.000000	0.000000 1.000000 0.000000	0.000000 0.000000 1.000000
0 1 1.000000 25.299999 0.250000 0.000000 200.000000 11 -1 -1 11 -1 39 0 1 0 0
76.722237 0.000000 106.727005	76.722237 0.000000 81.427002
1 1.000000 0.000000 0.000000	1 1.000000 0.000000 0.000000
Waypoint Tigger
TRIGGER_ELEMENT 5
108.660408 0.000000 119.586143
1.000000 0.000000 0.000000	0.000000 1.000000 0.000000	0.000000 0.000000 1.000000
0 1 1.000000 59.599998 0.250000 0.000000 200.000000 12 -1 -1 12 -1 40 0 0 0 0
108.660408 0.000000 149.386139	108.660408 0.000000 89.786148
0 0.000000 0.000000 0.000000	0 0.000000 0.000000 0.000000

