GEOM_ELEMENT 4
-105.392487 0.000000 151.595581
0.999937 0.000000 0.000000	0.000000 0.999968 0.000000	0.000000 0.000000 0.999968
0 1162760003 0 0 -1 1 1 100
Geometry Element
GEOM_ELEMENT 4
-116.064957 0.000000 151.631958
0.999937 0.000000 0.000000	0.000000 0.999968 0.000000	0.000000 0.000000 0.999968
0 1162760003 0 0 -1 1 1 100
Geometry Element
GEOM_ELEMENT 4
-98.052544 0.000000 -6.874434
0.999937 0.000000 0.000000	0.000000 0.999968 0.000000	0.000000 0.000000 0.999968
0 1162760003 0 0 -1 1 1 100
Geometry Element
GEOM_ELEMENT 4
-93.860916 0.000000 21.745594
0.999937 0.000000 0.000000	0.000000 0.999968 0.000000	0.000000 0.000000 0.999968
0 1162760003 0 0 -1 1 1 100
Geometry Element
GEOM_ELEMENT 4
-92.953171 0.000000 32.741547
0.999937 0.000000 0.000000	0.000000 0.999968 0.000000	0.000000 0.000000 0.999968
0 1162760003 0 0 -1 1 1 100
Geometry Element
GEOM_ELEMENT 4
-96.819931 0.000000 0.718039
0.999937 0.000000 0.000000	0.000000 0.999968 0.000000	0.000000 0.000000 0.999968
0 1162760003 0 0 -1 1 1 100
Geometry Element
GEOM_ELEMENT 4
-94.971085 0.000000 11.352115
0.999937 0.000000 0.000000	0.000000 0.999968 0.000000	0.000000 0.000000 0.999968
0 1162760003 0 0 -1 1 1 100
Geometry Element
GEOM_ELEMENT 4
-140.159149 0.000000 15.870749
0.999937 0.000000 0.000000	0.000000 0.999968 0.000000	0.000000 0.000000 0.999968
0 1162760003 0 0 -1 1 1 100
Geometry Element
GEOM_ELEMENT 4
-141.277023 0.000000 6.568059
0.999937 0.000000 0.000000	0.000000 0.999968 0.000000	0.000000 0.000000 0.999968
0 1162760003 0 0 -1 1 1 100
Geometry Element
GEOM_ELEMENT 4
-137.692612 0.000000 35.685135
0.999937 0.000000 0.000000	0.000000 0.999968 0.000000	0.000000 0.000000 0.999968
0 1162760003 0 0 -1 1 1 100
Geometry Element
GEOM_ELEMENT 4
-138.969681 0.000000 23.963579
0.999937 0.000000 0.000000	0.000000 0.999968 0.000000	0.000000 0.000000 0.999968
0 1162760003 0 0 -1 1 1 100
Geometry Element
GEOM_ELEMENT 4
-141.764389 0.000000 -2.139931
0.999937 0.000000 0.000000	0.000000 0.999968 0.000000	0.000000 0.000000 0.999968
0 1162760003 0 0 -1 1 1 100
Geometry Element
GEOM_ELEMENT 4
-118.738403 0.000000 -65.503937
0.999937 0.000000 0.000000	0.000000 0.999968 0.000000	0.000000 0.000000 0.999968
0 1162760003 0 0 -1 1 1 100
Geometry Element
GEOM_ELEMENT 4
-52.863503 0.000000 -8.553663
0.999937 0.000000 0.000000	0.000000 0.999968 0.000000	0.000000 0.000000 0.999968
0 1162760003 0 0 -1 1 1 100
Geometry Element
GEOM_ELEMENT 4
-3.394022 0.000000 36.166183
0.999937 0.000000 0.000000	0.000000 0.999968 0.000000	0.000000 0.000000 0.999968
0 1162760003 0 0 -1 1 1 100
Geometry Element
GEOM_ELEMENT 4
45.362862 0.000000 76.215942
0.999937 0.000000 0.000000	0.000000 0.999968 0.000000	0.000000 0.000000 0.999968
0 1162760003 0 0 -1 1 1 100
Geometry Element
GEOM_ELEMENT 4
88.085526 0.000000 132.752319
0.999937 0.000000 0.000000	0.000000 0.999968 0.000000	0.000000 0.000000 0.999968
0 1162760003 0 0 -1 1 1 100
Geometry Element
GEOM_ELEMENT 4
123.928909 0.000000 45.219242
0.999937 0.000000 0.000000	0.000000 0.999968 0.000000	0.000000 0.000000 0.999968
0 1162760003 0 0 -1 1 1 100
Geometry Element
GEOM_ELEMENT 4
123.193314 0.000000 35.164444
0.999937 0.000000 0.000000	0.000000 0.999968 0.000000	0.000000 0.000000 0.999968
0 1162760003 0 0 -1 1 1 100
Geometry Element
GEOM_ELEMENT 4
123.388855 0.000000 26.011074
0.999937 0.000000 0.000000	0.000000 0.999968 0.000000	0.000000 0.000000 0.999968
0 1162760003 0 0 -1 1 1 100
Geometry Element
GEOM_ELEMENT 4
122.348312 0.000000 17.803791
0.999937 0.000000 0.000000	0.000000 0.999968 0.000000	0.000000 0.000000 0.999968
0 1162760003 0 0 -1 1 1 100
Geometry Element
GEOM_ELEMENT 4
121.447807 0.000000 10.177513
0.999937 0.000000 0.000000	0.000000 0.999968 0.000000	0.000000 0.000000 0.999968
0 1162760003 0 0 -1 1 1 100
Geometry Element
GEOM_ELEMENT 4
82.736694 0.000000 13.085735
0.999937 0.000000 0.000000	0.000000 0.999968 0.000000	0.000000 0.000000 0.999968
0 1162760003 0 0 -1 1 1 100
Geometry Element
GEOM_ELEMENT 4
82.588371 0.000000 21.949303
0.999937 0.000000 0.000000	0.000000 0.999968 0.000000	0.000000 0.000000 0.999968
0 1162760003 0 0 -1 1 1 100
Geometry Element
GEOM_ELEMENT 4
83.635681 0.000000 28.582876
0.999937 0.000000 0.000000	0.000000 0.999968 0.000000	0.000000 0.000000 0.999968
0 1162760003 0 0 -1 1 1 100
Geometry Element
GEOM_ELEMENT 4
83.488472 0.000000 37.613022
0.999937 0.000000 0.000000	0.000000 0.999968 0.000000	0.000000 0.000000 0.999968
0 1162760003 0 0 -1 1 1 100
Geometry Element
GEOM_ELEMENT 4
83.758057 0.000000 46.299206
0.999937 0.000000 0.000000	0.000000 0.999968 0.000000	0.000000 0.000000 0.999968
0 1162760003 0 0 -1 1 1 100
Geometry Element
GEOM_ELEMENT 4
113.042381 0.000000 -68.358879
0.999937 0.000000 0.000000	0.000000 0.999968 0.000000	0.000000 0.000000 0.999968
0 1162760003 0 0 -1 1 1 100
Geometry Element
GEOM_ELEMENT 4
89.373650 0.000000 -67.470268
0.999937 0.000000 0.000000	0.000000 0.999968 0.000000	0.000000 0.000000 0.999968
0 1162760003 0 0 -1 1 1 100
Geometry Element
TRIGGER_ELEMENT 5
100.855835 0.000000 -67.697807
0.034900 0.000000 0.999391	0.000000 1.000000 0.000000	-0.999391 0.000000 0.034900
1 1 10.000000 23.200001 0.250000 0.000000 200.000000 18 -1 -1 18 -1 -1 0 65535 0 0
89.262901 0.000000 -67.292969	112.448769 0.000000 -68.102646
0 0.000000 0.000000 0.000000	0 0.000000 0.000000 0.000000
End
TRIGGER_ELEMENT 5
-110.629562 0.000000 151.680511
1.000000 0.000000 0.000000	0.000000 1.000000 0.000000	0.000000 0.000000 1.000000
2 0 1.000000 3.000000 0.250000 0.000000 200.000000 0 -1 -1 0 -1 38 0 0 0 0
-110.629562 0.000000 153.180511	-110.629562 0.000000 150.180511
0 0.000000 0.000000 0.000000	2 0.000000 0.000000 -1.000000
Start
TRIGGER_ELEMENT 5
-140.235001 0.000000 -65.272552
0.034900 0.000000 0.999391	0.000000 1.000000 0.000000	-0.999391 0.000000 0.034900
0 1 1.000000 40.700001 0.250000 0.000000 200.000000 6 -1 -1 6 -1 -1 0 65535 0 0
-160.572601 0.000000 -64.562340	-119.897392 0.000000 -65.982765
0 0.000000 0.000000 0.000000	0 0.000000 0.000000 0.000000
Waypoint Tigger
TRIGGER_ELEMENT 5
-100.810471 0.000000 -94.442345
0.848048 0.000000 0.529919	0.000000 1.000000 0.000000	-0.529919 0.000000 0.848048
0 1 1.000000 67.199997 0.250000 0.000000 200.000000 7 -1 -1 7 -1 41 0 1 0 0
-118.615753 0.000000 -65.947937	-83.005188 0.000000 -122.936752
0 0.000000 0.000000 0.000000	0 0.000000 0.000000 0.000000
Waypoint Tigger
TRIGGER_ELEMENT 5
-38.689819 0.000000 -17.244905
0.544639 0.000000 0.838670	0.000000 1.000000 0.000000	-0.838670 0.000000 0.544639
0 1 1.000000 33.599998 0.250000 0.000000 200.000000 8 -1 -1 8 -1 42 0 1 0 0
-52.779476 0.000000 -8.094971	-24.600163 0.000000 -26.394840
0 0.000000 0.000000 0.000000	0 0.000000 0.000000 0.000000
Waypoint Tigger
TRIGGER_ELEMENT 5
-16.046272 0.000000 49.406780
0.707107 0.000000 0.707107	0.000000 1.000000 0.000000	-0.707107 0.000000 0.707107
0 1 1.000000 36.799999 0.250000 0.000000 200.000000 9 -1 -1 9 -1 43 0 1 0 0
-29.057041 0.000000 62.417549	-3.035503 0.000000 36.396011
0 0.000000 0.000000 0.000000	0 0.000000 0.000000 0.000000
Waypoint Tigger
TRIGGER_ELEMENT 5
61.721592 0.000000 65.540207
0.559193 0.000000 0.829037	0.000000 1.000000 0.000000	-0.829037 0.000000 0.559193
0 1 1.000000 40.000000 0.250000 0.000000 200.000000 10 -1 -1 10 -1 39 0 1 0 0
45.140854 0.000000 76.724068	78.302330 0.000000 54.356346
0 0.000000 0.000000 0.000000	0 0.000000 0.000000 0.000000
Waypoint Tigger
TRIGGER_ELEMENT 5
87.804131 0.000000 152.914200
1.000000 0.000000 0.000000	0.000000 1.000000 0.000000	0.000000 0.000000 1.000000
0 1 1.000000 40.000000 0.250000 0.000000 200.000000 11 -1 -1 11 -1 -1 0 65535 0 0
87.804131 0.000000 172.914200	87.804131 0.000000 132.914200
0 0.000000 0.000000 0.000000	0 0.000000 0.000000 0.000000
Waypoint Tigger
TRIGGER_ELEMENT 5
112.612785 0.000000 133.753983
-0.052336 0.000000 0.998630	0.000000 1.000000 0.000000	-0.998630 0.000000 -0.052336
0 1 1.000000 50.500000 0.250000 0.000000 200.000000 12 -1 -1 12 -1 44 0 1 0 0
87.397377 0.000000 132.432495	137.828186 0.000000 135.075470
0 0.000000 0.000000 0.000000	0 0.000000 0.000000 0.000000
Waypoint Tigger
GEOM_ELEMENT 4
-117.444412 0.000000 11.434418
0.990266 0.000000 -0.139173	0.000000 0.999999 0.000000	0.139173 0.000000 0.990267
1 878137921 0 0 -1 1 1 85
a1
GEOM_ELEMENT 4
92.164505 3.013241 142.763733
-0.573576 0.000000 0.819152	0.028588 0.999391 0.020018	-0.818653 0.034899 -0.573227
1 844583489 0 0 -1 0 1 48
a6
GEOM_ELEMENT 4
-122.647392 0.000000 -84.117897
-0.838670 0.000000 0.544639	0.000000 1.000000 0.000000	-0.544639 0.000000 -0.838670
1 861360705 0 0 -1 1 1 100
a2
GEOM_ELEMENT 4
-45.477417 4.879868 -4.399815
0.705925 -0.007525 -0.708247	0.044849 0.998412 0.034094	0.706866 -0.055832 0.705141
1 827806273 0 0 -1 0 1 59
a3
GEOM_ELEMENT 4
-2.554787 5.144698 43.422417
-0.809017 0.000000 0.587785	0.000000 1.000000 0.000000	-0.587785 0.000000 -0.809017
1 827806273 0 0 -1 0 1 59
a4
GEOM_ELEMENT 4
53.512367 3.636684 80.073204
0.798635 0.000000 -0.601815	0.000000 1.000000 0.000000	0.601815 0.000000 0.798635
1 827806273 0 0 -1 0 1 29
a5
GEOM_ELEMENT 4
102.556442 0.000000 26.713461
0.996188 0.000000 -0.087155	0.000000 0.999997 0.000000	0.087155 0.000000 0.996192
1 878137921 0 0 -1 1 1 100
a7
GEOM_ELEMENT 4
101.506035 0.000000 -75.730957
0.997558 0.000000 -0.069756	0.000000 0.999997 0.000000	0.069756 0.000000 0.997561
1 827806273 0 0 -1 1 1 100
af
TRIGGER_ELEMENT 5
-119.731674 0.000000 -1.965178
-0.087156 0.000000 -0.996195	0.000000 1.000000 0.000000	0.996195 0.000000 -0.087156
0 1 1.000000 45.000000 0.250000 0.000000 200.000000 5 -1 -1 5 -1 40 0 1 0 0
-97.317284 0.000000 -3.926188	-142.146057 0.000000 -0.004168
0 0.000000 0.000000 0.000000	1 -0.087158 0.000000 -0.996194
Waypoint Tigger
TRIGGER_ELEMENT 5
102.457489 0.000000 13.789364
0.087156 0.000000 0.996195	0.000000 1.000000 0.000000	-0.996195 0.000000 0.087156
0 1 1.000000 42.700001 0.250000 0.000000 200.000000 17 -1 -1 17 -1 45 0 1 0 0
81.188721 0.000000 15.650145	123.726257 0.000000 11.928583
0 0.000000 0.000000 0.000000	3 -0.087158 0.000000 -0.996194
Waypoint Tigger
TRIGGER_ELEMENT 5
-116.537315 0.000000 32.885483
0.034900 0.000000 0.999391	0.000000 1.000000 0.000000	-0.999391 0.000000 0.034900
0 1 1.000000 44.500004 0.250000 0.000000 200.000000 1 -1 -1 1 -1 -1 0 65535 0 0
-138.773773 0.000000 33.662006	-94.300865 0.000000 32.108959
0 0.000000 0.000000 0.000000	3 -0.034897 0.000000 -0.999391

TRIGGER_ELEMENT 5
-116.899216 0.000000 22.535131
-0.052336 0.000000 -0.998630	0.000000 1.000000 0.000000	0.998630 0.000000 -0.052336
0 1 1.000000 44.400002 0.250000 0.000000 200.000000 2 -1 -1 2 -1 -1 0 65535 0 0
-94.729630 0.000000 21.373272	-139.068802 0.000000 23.696991
0 0.000000 0.000000 0.000000	2 -0.998630 0.000000 0.052336

TRIGGER_ELEMENT 5
-118.138840 0.000000 13.014170
0.087156 0.000000 0.996195	0.000000 1.000000 0.000000	-0.996195 0.000000 0.087156
0 1 1.000000 44.900002 0.250000 0.000000 200.000000 3 -1 -1 3 -1 -1 0 65535 0 0
-140.503418 0.000000 14.970821	-95.774261 0.000000 11.057518
0 0.000000 0.000000 0.000000	1 0.087158 0.000000 0.996194

TRIGGER_ELEMENT 5
-118.999214 0.000000 4.771194
0.087156 0.000000 0.996195	0.000000 1.000000 0.000000	-0.996195 0.000000 0.087156
0 1 1.000000 44.700001 0.250000 0.000000 200.000000 4 -1 -1 4 -1 -1 0 65535 0 0
-141.264175 0.000000 6.719131	-96.734253 0.000000 2.823257
0 0.000000 0.000000 0.000000	2 0.996195 0.000000 -0.087156

TRIGGER_ELEMENT 5
103.534256 0.000000 45.896919
-0.034899 0.000000 -0.999391	0.000000 1.000000 0.000000	0.999391 0.000000 -0.034899
0 1 1.000000 40.000000 0.250000 0.000000 200.000000 13 -1 -1 13 -1 -1 0 65535 0 0
123.522079 0.000000 45.198940	83.546432 0.000000 46.594898
0 0.000000 0.000000 0.000000	1 -0.034897 0.000000 -0.999391

TRIGGER_ELEMENT 5
103.985886 0.000000 36.553284
-0.052336 0.000000 -0.998630	0.000000 1.000000 0.000000	0.998630 0.000000 -0.052336
0 1 1.000000 39.799999 0.250000 0.000000 200.000000 14 -1 -1 14 -1 -1 0 65535 0 0
123.858620 0.000000 35.511799	84.113152 0.000000 37.594769
0 0.000000 0.000000 0.000000	2 -0.998629 0.000000 0.052338

TRIGGER_ELEMENT 5
102.820984 0.000000 27.582211
0.069756 0.000000 0.997564	0.000000 1.000000 0.000000	-0.997564 0.000000 0.069756
0 1 1.000000 40.700001 0.250000 0.000000 200.000000 15 -1 -1 15 -1 -1 0 65535 0 0
82.520554 0.000000 29.001745	123.121414 0.000000 26.162676
0 0.000000 0.000000 0.000000	1 0.069756 0.000000 0.997564

TRIGGER_ELEMENT 5
102.838257 0.000000 20.926525
0.087156 0.000000 0.996195	0.000000 1.000000 0.000000	-0.996195 0.000000 0.087156
0 1 1.000000 38.500000 0.250000 0.000000 200.000000 16 -1 -1 16 -1 -1 0 65535 0 0
83.661499 0.000000 22.604279	122.015015 0.000000 19.248772
0 0.000000 0.000000 0.000000	2 0.996195 0.000000 -0.087156

