[header]
count=1
tint=1.000000,0.754967,0.754967,0.754967
ambient=1.000000,0.569536,0.569536,0.569536
interior=1.000000,0.686275,0.686275,0.686275
lightdecal=1.000000,1.281046,1.281046,1.281046
interiordiffuse=1.000000,1.281046,1.281046,1.281046

[section0]
startslice=0
endslice=0
texture1=0
texture2=0
clamp1=0
clamp2=0
tint1=1.000000,1.000000,1.000000,1.000000
tint2=1.000000,1.000000,1.000000,1.000000
scroll1=0.000000,0.000000,0.000000
scroll2=0.000000,0.000000,0.000000
texture1.open=542722899
texture1.covered=542722899
texture2.open=542722899
texture2.covered=542722899
texture3.open=542722899
texture3.covered=542722899
texturesize=6.000000
aspect=1.000000
