TRIGGER_ELEMENT 5
54.756706 0.000000 170.338821
0.987688 0.000000 -0.156435	0.000000 1.000000 0.000000	0.156435 0.000000 0.987688
2 0 1.000000 3.000000 0.250000 0.000000 200.000000 0 -1 -1 0 -1 48 0 0 0 0
54.991360 0.000000 171.820358	54.522053 0.000000 168.857285
0 0.000000 0.000000 0.000000	2 -0.156433 0.000000 -0.987689
Start
GEOM_ELEMENT 5
78.567673 0.000000 -103.473465
0.999937 0.000000 0.000000	0.000000 0.999968 0.000000	0.000000 0.000000 0.999968
0 1162760003 0 0 -1 1 1 100.000000 100.000000 100.000000
Geometry Element
GEOM_ELEMENT 5
78.664574 0.000000 -93.394730
0.999937 0.000000 0.000000	0.000000 0.999968 0.000000	0.000000 0.000000 0.999968
0 1162760003 0 0 -1 1 1 100.000000 100.000000 100.000000
Geometry Element
GEOM_ELEMENT 5
78.504723 0.000000 -84.355461
0.999937 0.000000 0.000000	0.000000 0.999968 0.000000	0.000000 0.000000 0.999968
0 1162760003 0 0 -1 1 1 100.000000 100.000000 100.000000
Geometry Element
GEOM_ELEMENT 5
46.442520 0.000000 -105.172691
0.999937 0.000000 0.000000	0.000000 0.999968 0.000000	0.000000 0.000000 0.999968
0 1162760003 0 0 -1 1 1 100.000000 100.000000 100.000000
Geometry Element
GEOM_ELEMENT 5
46.759262 0.000000 -94.088821
0.999937 0.000000 0.000000	0.000000 0.999968 0.000000	0.000000 0.000000 0.999968
0 1162760003 0 0 -1 1 1 100.000000 100.000000 100.000000
Geometry Element
GEOM_ELEMENT 5
47.135071 0.000000 -84.874046
0.999937 0.000000 0.000000	0.000000 0.999968 0.000000	0.000000 0.000000 0.999968
0 1162760003 0 0 -1 1 1 100.000000 100.000000 100.000000
Geometry Element
GEOM_ELEMENT 5
71.335823 0.000000 8.554089
0.999937 0.000000 0.000000	0.000000 0.999968 0.000000	0.000000 0.000000 0.999968
0 1162760003 0 0 -1 1 1 100.000000 100.000000 100.000000
Geometry Element
GEOM_ELEMENT 5
72.576180 0.000000 23.461426
0.999937 0.000000 0.000000	0.000000 0.999968 0.000000	0.000000 0.000000 0.999968
0 1162760003 0 0 -1 1 1 100.000000 100.000000 100.000000
Geometry Element
GEOM_ELEMENT 5
73.623749 0.000000 41.432083
0.999937 0.000000 0.000000	0.000000 0.999968 0.000000	0.000000 0.000000 0.999968
0 1162760003 0 0 -1 1 1 100.000000 100.000000 100.000000
Geometry Element
GEOM_ELEMENT 5
45.312340 0.000000 8.978868
0.999937 0.000000 0.000000	0.000000 0.999968 0.000000	0.000000 0.000000 0.999968
0 1162760003 0 0 -1 1 1 100.000000 100.000000 100.000000
Geometry Element
GEOM_ELEMENT 5
45.412369 0.000000 23.457544
0.999937 0.000000 0.000000	0.000000 0.999968 0.000000	0.000000 0.000000 0.999968
0 1162760003 0 0 -1 1 1 100.000000 100.000000 100.000000
Geometry Element
GEOM_ELEMENT 5
46.102726 0.000000 40.110249
0.999937 0.000000 0.000000	0.000000 0.999968 0.000000	0.000000 0.000000 0.999968
0 1162760003 0 0 -1 1 1 100.000000 100.000000 100.000000
Geometry Element
TRIGGER_ELEMENT 5
58.536842 0.000000 41.112583
0.000000 0.000000 -1.000000	0.000000 1.000000 0.000000	1.000000 0.000000 0.000000
0 1 1.000000 28.400000 0.250000 0.000000 200.000000 1 -1 -1 1 -1 -1 0 0 0 0
72.736839 0.000000 41.112587	44.336845 0.000000 41.112579
1 0.000000 0.000000 -1.000000	1 0.000000 0.000000 -1.000000

TRIGGER_ELEMENT 5
58.283569 0.000000 24.221886
0.000000 0.000000 -1.000000	0.000000 1.000000 0.000000	1.000000 0.000000 0.000000
0 1 1.000000 27.200001 0.250000 0.000000 200.000000 2 -1 -1 2 -1 -1 0 0 0 0
71.883575 0.000000 24.221886	44.683567 0.000000 24.221886
1 0.000000 0.000000 -1.000000	2 -1.000000 0.000000 0.000000

TRIGGER_ELEMENT 5
58.568069 0.000000 8.536768
0.000000 0.000000 1.000000	0.000000 1.000000 0.000000	-1.000000 0.000000 0.000000
0 1 1.000000 29.200001 0.250000 0.000000 200.000000 3 -1 -1 3 -1 16 0 1 0 0
43.968071 0.000000 8.536768	73.168068 0.000000 8.536768
2 0.000000 0.000000 -1.000000	1 0.000000 0.000000 1.000000

GEOM_ELEMENT 5
63.311909 0.000000 -94.529015
0.999937 0.000000 0.000000	0.000000 0.999968 0.000000	0.000000 0.000000 0.999968
1 878137921 0 0 -1 1 1 100.000000 100.000000 100.000000
a2
TRIGGER_ELEMENT 5
62.253345 0.000000 -83.960884
0.000000 0.000000 -1.000000	0.000000 1.000000 0.000000	1.000000 0.000000 0.000000
0 1 1.000000 34.799999 0.250000 0.000000 200.000000 4 -1 -1 4 -1 -1 0 0 0 0
79.653343 0.000000 -83.960884	44.853348 0.000000 -83.960884
1 0.000000 0.000000 -1.000000	3 0.000000 0.000000 1.000000

TRIGGER_ELEMENT 5
62.808220 0.000000 -93.685783
0.000000 0.000000 -1.000000	0.000000 1.000000 0.000000	1.000000 0.000000 0.000000
0 1 1.000000 33.099998 0.250000 0.000000 200.000000 5 -1 -1 5 -1 -1 0 0 0 0
79.358215 0.000000 -93.685783	46.258221 0.000000 -93.685783
1 0.000000 0.000000 -1.000000	4 1.000000 0.000000 0.000000

TRIGGER_ELEMENT 5
62.522007 0.000000 -104.080360
0.069757 0.000000 -0.997564	0.000000 1.000000 0.000000	0.997564 0.000000 0.069757
0 1 1.000000 33.799999 0.250000 0.000000 200.000000 6 -1 -1 6 -1 20 0 1 0 0
79.380836 0.000000 -102.901466	45.663177 0.000000 -105.259254
1 0.069755 0.000000 -0.997564	1 0.069755 0.000000 -0.997564

GEOM_ELEMENT 5
58.902107 0.000000 -143.425186
0.999937 0.000000 0.000000	0.000000 0.999968 0.000000	0.000000 0.000000 0.999968
1 844583489 0 0 -1 1 1 100.000000 100.000000 100.000000
a3
GEOM_ELEMENT 5
50.268044 0.000000 -133.215897
0.999937 0.000000 0.000000	0.000000 0.999968 0.000000	0.000000 0.000000 0.999968
0 1162760003 0 0 -1 1 1 100.000000 100.000000 100.000000
Geometry Element
TRIGGER_ELEMENT 5
80.704056 0.000000 -130.473419
0.104529 0.000000 -0.994522	0.000000 1.000000 0.000000	0.994522 0.000000 0.104529
0 1 1.000000 61.200001 0.250000 0.000000 200.000000 7 -1 -1 7 -1 47 0 1 0 0
111.136429 0.000000 -127.274834	50.271683 0.000000 -133.672012
0 0.000000 0.000000 0.000000	0 0.000000 0.000000 0.000000

GEOM_ELEMENT 5
57.027157 0.000000 168.869568
0.999937 0.000000 0.000000	0.000000 0.999968 0.000000	0.000000 0.000000 0.999968
0 1162760003 0 0 -1 1 1 100.000000 100.000000 100.000000
Geometry Element
GEOM_ELEMENT 5
52.671165 0.000000 169.147049
0.999937 0.000000 0.000000	0.000000 0.999968 0.000000	0.000000 0.000000 0.999968
0 1162760003 0 0 -1 1 1 100.000000 100.000000 100.000000
Geometry Element
GEOM_ELEMENT 5
-59.787350 0.000000 -122.782341
0.999937 0.000000 0.000000	0.000000 0.999968 0.000000	0.000000 0.000000 0.999968
0 1162760003 0 0 -1 1 1 100.000000 100.000000 100.000000
Geometry Element
TRIGGER_ELEMENT 5
-86.456688 0.000000 -119.222740
-0.139173 0.000000 -0.990268	0.000000 1.000000 0.000000	0.990268 0.000000 -0.139173
0 1 1.000000 53.400002 0.250000 0.000000 200.000000 8 -1 -1 8 -1 42 0 1 0 0
-60.016533 0.000000 -122.938660	-112.896843 0.000000 -115.506821
0 0.000000 0.000000 0.000000	0 0.000000 0.000000 0.000000

GEOM_ELEMENT 5
-91.610100 0.000000 29.291191
0.999937 0.000000 0.000000	0.000000 0.999968 0.000000	0.000000 0.000000 0.999968
0 1162760003 0 0 -1 1 1 100.000000 100.000000 100.000000
Geometry Element
GEOM_ELEMENT 5
-91.234772 0.000000 38.890308
0.999937 0.000000 0.000000	0.000000 0.999968 0.000000	0.000000 0.000000 0.999968
0 1162760003 0 0 -1 1 1 100.000000 100.000000 100.000000
Geometry Element
GEOM_ELEMENT 5
-91.359833 0.000000 47.299885
0.999937 0.000000 0.000000	0.000000 0.999968 0.000000	0.000000 0.000000 0.999968
0 1162760003 0 0 -1 1 1 100.000000 100.000000 100.000000
Geometry Element
GEOM_ELEMENT 5
-91.090271 0.000000 55.131939
0.999937 0.000000 0.000000	0.000000 0.999968 0.000000	0.000000 0.000000 0.999968
0 1162760003 0 0 -1 1 1 100.000000 100.000000 100.000000
Geometry Element
GEOM_ELEMENT 5
-92.003014 0.000000 63.372429
0.999937 0.000000 0.000000	0.000000 0.999968 0.000000	0.000000 0.000000 0.999968
0 1162760003 0 0 -1 1 1 100.000000 100.000000 100.000000
Geometry Element
GEOM_ELEMENT 5
-63.767830 0.000000 64.030502
0.999937 0.000000 0.000000	0.000000 0.999968 0.000000	0.000000 0.000000 0.999968
0 1162760003 0 0 -1 1 1 100.000000 100.000000 100.000000
Geometry Element
GEOM_ELEMENT 5
-62.915070 0.000000 56.219681
0.999937 0.000000 0.000000	0.000000 0.999968 0.000000	0.000000 0.000000 0.999968
0 1162760003 0 0 -1 1 1 100.000000 100.000000 100.000000
Geometry Element
GEOM_ELEMENT 5
-62.794827 0.000000 48.515244
0.999937 0.000000 0.000000	0.000000 0.999968 0.000000	0.000000 0.000000 0.999968
0 1162760003 0 0 -1 1 1 100.000000 100.000000 100.000000
Geometry Element
GEOM_ELEMENT 5
-63.203632 0.000000 38.815659
0.999937 0.000000 0.000000	0.000000 0.999968 0.000000	0.000000 0.000000 0.999968
0 1162760003 0 0 -1 1 1 100.000000 100.000000 100.000000
Geometry Element
GEOM_ELEMENT 5
-63.343639 0.000000 29.963978
0.999937 0.000000 0.000000	0.000000 0.999968 0.000000	0.000000 0.000000 0.999968
0 1162760003 0 0 -1 1 1 100.000000 100.000000 100.000000
Geometry Element
TRIGGER_ELEMENT 5
-77.937180 0.000000 28.316275
-0.034899 0.000000 0.999391	0.000000 1.000000 0.000000	-0.999391 0.000000 -0.034899
0 1 1.000000 29.900000 0.250000 0.000000 200.000000 9 -1 -1 9 -1 -1 0 0 0 0
-92.878067 0.000000 27.794531	-62.996288 0.000000 28.838018
1 -0.034897 0.000000 0.999391	1 -0.034897 0.000000 0.999391

TRIGGER_ELEMENT 5
-77.390930 0.000000 38.702866
-0.017452 0.000000 0.999848	0.000000 1.000000 0.000000	-0.999848 0.000000 -0.017452
0 1 1.000000 29.400000 0.250000 0.000000 200.000000 10 -1 -1 10 -1 -1 0 0 0 0
-92.088692 0.000000 38.446323	-62.693169 0.000000 38.959408
1 -0.017448 0.000000 0.999848	2 0.999848 0.000000 0.017452

TRIGGER_ELEMENT 5
-76.957710 0.000000 47.847794
-0.052336 0.000000 0.998630	0.000000 1.000000 0.000000	-0.998630 0.000000 -0.052336
0 1 1.000000 28.599998 0.250000 0.000000 200.000000 11 -1 -1 11 -1 -1 0 0 0 0
-91.238121 0.000000 47.099388	-62.677303 0.000000 48.596199
1 -0.052338 0.000000 0.998629	3 0.052338 0.000000 -0.998629

TRIGGER_ELEMENT 5
-77.683449 0.000000 55.529629
-0.052336 0.000000 0.998630	0.000000 1.000000 0.000000	-0.998630 0.000000 -0.052336
0 1 1.000000 29.600000 0.250000 0.000000 200.000000 12 -1 -1 12 -1 -1 0 0 0 0
-92.463165 0.000000 54.755062	-62.903732 0.000000 56.304195
1 -0.052338 0.000000 0.998629	4 -0.998630 0.000000 -0.052334

TRIGGER_ELEMENT 5
-77.926369 0.000000 64.034927
-0.069756 0.000000 0.997564	0.000000 1.000000 0.000000	-0.997564 0.000000 -0.069756
0 1 1.000000 28.700001 0.250000 0.000000 200.000000 13 -1 -1 13 -1 43 0 1 0 0
-92.241409 0.000000 63.033928	-63.611324 0.000000 65.035927
1 -0.069755 0.000000 0.997564	1 -0.069755 0.000000 0.997564

GEOM_ELEMENT 5
-76.484039 0.000000 47.508453
-0.990268 0.000000 0.139173	0.000000 1.000000 0.000000	-0.139173 0.000000 -0.990268
1 878137921 0 0 -1 1 1 60.000000 60.000000 60.000000
a5
GEOM_ELEMENT 5
-82.861023 0.000000 151.223022
0.999937 0.000000 0.000000	0.000000 0.999968 0.000000	0.000000 0.000000 0.999968
1 827806273 0 0 -1 1 1 60.000000 60.000000 60.000000
af
GEOM_ELEMENT 5
-88.286591 0.000000 146.275528
0.999937 0.000000 0.000000	0.000000 0.999968 0.000000	0.000000 0.000000 0.999968
0 1162760003 0 0 -1 1 1 100.000000 100.000000 100.000000
Geometry Element
GEOM_ELEMENT 5
-76.331184 0.000000 147.116852
0.999937 0.000000 0.000000	0.000000 0.999968 0.000000	0.000000 0.000000 0.999968
0 1162760003 0 0 -1 1 1 100.000000 100.000000 100.000000
Geometry Element
TRIGGER_ELEMENT 5
-82.209183 0.000000 146.334747
-0.052336 0.000000 0.998629	0.000000 1.000000 0.000000	-0.998629 0.000000 -0.052336
1 1 1.000000 13.900000 0.250000 0.000000 200.000000 14 -1 -1 14 -1 -1 0 1 0 0
-89.149658 0.000000 145.971008	-75.268707 0.000000 146.698486
0 0.000000 0.000000 0.000000	0 0.000000 0.000000 0.000000

GEOM_ELEMENT 5
-73.248993 0.000000 -132.412811
0.173648 0.000000 -0.984808	0.000000 1.000000 0.000000	0.984808 0.000000 0.173648
1 844583489 0 0 -1 1 1 100.000000 100.000000 100.000000
a4
GEOM_ELEMENT 5
57.446976 0.000000 24.243393
0.999937 0.000000 0.000000	0.000000 0.999968 0.000000	0.000000 0.000000 0.999968
1 878137921 0 0 -1 1 1 100.000000 100.000000 100.000000
a1
