GEOM_ELEMENT 4
-19.955513 0.000000 -167.425873
0.999937 0.000000 0.000000	0.000000 0.999968 0.000000	0.000000 0.000000 0.999968
0 1162760003 0 0 -1 1 1 100
Geometry Element
GEOM_ELEMENT 4
-0.981648 0.000000 -167.755142
0.999937 0.000000 0.000000	0.000000 0.999968 0.000000	0.000000 0.000000 0.999968
0 1162760003 0 0 -1 1 1 100
Geometry Element
GEOM_ELEMENT 4
40.314018 0.000000 -115.768448
0.999937 0.000000 0.000000	0.000000 0.999968 0.000000	0.000000 0.000000 0.999968
0 1162760003 0 0 -1 1 1 100
Geometry Element
GEOM_ELEMENT 4
-54.219078 0.000000 -116.939751
0.999937 0.000000 0.000000	0.000000 0.999968 0.000000	0.000000 0.000000 0.999968
0 1162760003 0 0 -1 1 1 100
Geometry Element
GEOM_ELEMENT 4
-55.738338 0.000000 -23.919670
0.999937 0.000000 0.000000	0.000000 0.999968 0.000000	0.000000 0.000000 0.999968
0 1162760003 0 0 -1 1 1 100
Geometry Element
GEOM_ELEMENT 4
41.214474 0.000000 -25.969238
0.999937 0.000000 0.000000	0.000000 0.999968 0.000000	0.000000 0.000000 0.999968
0 1162760003 0 0 -1 1 1 100
Geometry Element
TRIGGER_ELEMENT 5
40.199364 0.000000 -94.781509
1.000000 0.000000 0.000000	0.000000 1.000000 0.000000	0.000000 0.000000 1.000000
0 1 1.000000 40.000000 0.250000 0.000000 200.000000 1 -1 -1 1 -1 -1 0 0 0 0
40.199364 0.000000 -74.781509	40.199364 0.000000 -114.781509
0 0.000000 0.000000 0.000000	0 0.000000 0.000000 0.000000
Waypoint Tigger
TRIGGER_ELEMENT 5
40.240246 0.000000 -160.267273
1.000000 0.000000 0.000000	0.000000 1.000000 0.000000	0.000000 0.000000 1.000000
0 1 1.000000 87.599998 0.250000 0.000000 200.000000 2 -1 -1 2 -1 16 0 1 0 0
40.240246 0.000000 -116.467270	40.240246 0.000000 -204.067276
0 0.000000 0.000000 0.000000	0 0.000000 0.000000 0.000000
Waypoint Tigger
TRIGGER_ELEMENT 5
-54.760994 0.000000 -137.294800
1.000000 0.000000 0.000000	0.000000 1.000000 0.000000	0.000000 0.000000 1.000000
0 1 1.000000 40.000000 0.250000 0.000000 200.000000 3 -1 -1 3 -1 -1 0 0 0 0
-54.760994 0.000000 -117.294800	-54.760994 0.000000 -157.294800
0 0.000000 0.000000 0.000000	0 0.000000 0.000000 0.000000
Waypoint Tigger
TRIGGER_ELEMENT 5
-83.652496 0.000000 -119.893005
-0.087156 0.000000 0.996195	0.000000 1.000000 0.000000	-0.996195 0.000000 -0.087156
0 1 1.000000 57.000000 0.250000 0.000000 200.000000 4 -1 -1 4 -1 17 0 1 0 0
-112.044052 0.000000 -122.376953	-55.260941 0.000000 -117.409058
0 0.000000 0.000000 0.000000	0 0.000000 0.000000 0.000000
Waypoint Tigger
TRIGGER_ELEMENT 5
41.147419 0.000000 -5.552132
1.000000 0.000000 0.000000	0.000000 1.000000 0.000000	0.000000 0.000000 1.000000
0 1 1.000000 40.000000 0.250000 0.000000 200.000000 5 -1 -1 5 -1 17 0 0 0 0
41.147419 0.000000 14.447868	41.147419 0.000000 -25.552132
0 0.000000 0.000000 0.000000	0 0.000000 0.000000 0.000000
Fixed trigger
TRIGGER_ELEMENT 5
41.261982 0.000000 -46.312881
1.000000 0.000000 0.000000	0.000000 1.000000 0.000000	0.000000 0.000000 1.000000
0 1 1.000000 40.000000 0.250000 0.000000 200.000000 6 -1 -1 6 -1 18 0 1 0 0
41.261982 0.000000 -26.312881	41.261982 0.000000 -66.312881
0 0.000000 0.000000 0.000000	0 0.000000 0.000000 0.000000
Waypoint Tigger
TRIGGER_ELEMENT 5
-55.594109 0.000000 -44.618671
1.000000 0.000000 0.000000	0.000000 1.000000 0.000000	0.000000 0.000000 1.000000
0 1 1.000000 40.000000 0.250000 0.000000 200.000000 7 -1 -1 7 -1 -1 0 0 0 0
-55.594109 0.000000 -24.618671	-55.594109 0.000000 -64.618668
0 0.000000 0.000000 0.000000	0 0.000000 0.000000 0.000000
Waypoint Tigger
TRIGGER_ELEMENT 5
-55.602997 0.000000 16.604492
1.000000 0.000000 0.000000	0.000000 1.000000 0.000000	0.000000 0.000000 1.000000
0 1 1.000000 81.000000 0.250000 0.000000 200.000000 8 -1 -1 8 -1 19 0 1 0 0
-55.602997 0.000000 57.104492	-55.602997 0.000000 -23.895508
0 0.000000 0.000000 0.000000	0 0.000000 0.000000 0.000000
Waypoint Tigger
TRIGGER_ELEMENT 5
-10.798962 0.000000 -167.658127
0.000000 0.000000 -1.000000	0.000000 1.000000 0.000000	1.000000 0.000000 0.000000
1 1 3.000000 19.900000 0.250000 0.000000 200.000000 9 -1 -1 9 -1 -1 0 1 0 0
-0.848963 0.000000 -167.658127	-20.748960 0.000000 -167.658127
0 0.000000 0.000000 0.000000	0 0.000000 0.000000 0.000000
End
GEOM_ELEMENT 4
44.785751 0.000000 -111.176590
-0.707107 0.000000 0.707107	0.000000 1.000000 0.000000	-0.707107 0.000000 -0.707107
1 861360705 0 0 -1 1 1 77
a1
GEOM_ELEMENT 4
-61.844139 0.000000 -116.146866
0.573577 0.000000 -0.819152	0.000000 1.000000 0.000000	0.819152 0.000000 0.573576
1 861360705 0 0 -1 1 1 93
a2
GEOM_ELEMENT 4
47.273060 0.000000 -22.295494
-0.573576 0.000000 0.819152	0.000000 1.000000 0.000000	-0.819152 0.000000 -0.573576
1 861360705 0 0 -1 1 1 100
a3
GEOM_ELEMENT 4
-62.471359 0.000000 -20.714804
-0.121869 0.000000 -0.992546	0.000000 1.000000 0.000000	0.992546 0.000000 -0.121869
1 861360705 0 0 -1 1 1 93
a4
GEOM_ELEMENT 4
-9.698342 0.000000 -172.094360
0.999937 0.000000 0.000000	0.000000 0.999968 0.000000	0.000000 0.000000 0.999968
1 827806273 0 0 -1 1 1 100
af
TRIGGER_ELEMENT 5
-9.781517 0.000000 -167.688583
0.838671 0.000000 -0.544639	0.000000 1.000000 0.000000	0.544639 0.000000 0.838671
2 0 1.000000 3.000000 0.250000 0.000000 200.000000 0 -1 -1 0 -1 15 0 0 0 0
-8.964559 0.000000 -166.430573	-10.598475 0.000000 -168.946594
0 0.000000 0.000000 0.000000	4 0.544640 0.000000 0.838670

