GEOM_ELEMENT 5
-57.195221 0.000000 111.450226
0.999937 0.000000 0.000000	0.000000 0.999968 0.000000	0.000000 0.000000 0.999968
0 1162760003 0 0 -1 1 1 100.000000 100.000000 100.000000
Geometry Element
GEOM_ELEMENT 5
-72.476280 0.000000 111.687202
0.999937 0.000000 0.000000	0.000000 0.999968 0.000000	0.000000 0.000000 0.999968
0 1162760003 0 0 -1 1 1 100.000000 100.000000 100.000000
Geometry Element
GEOM_ELEMENT 5
-67.144112 0.000000 74.596893
0.999937 0.000000 0.000000	0.000000 0.999968 0.000000	0.000000 0.000000 0.999968
0 1162760003 0 0 -1 1 1 100.000000 100.000000 100.000000
Geometry Element
GEOM_ELEMENT 5
-71.401176 0.000000 28.972328
0.999937 0.000000 0.000000	0.000000 0.999968 0.000000	0.000000 0.000000 0.999968
0 1162760003 0 0 -1 1 1 100.000000 100.000000 100.000000
Geometry Element
GEOM_ELEMENT 5
-72.877174 0.000000 -14.217972
0.999937 0.000000 0.000000	0.000000 0.999968 0.000000	0.000000 0.000000 0.999968
0 1162760003 0 0 -1 1 1 100.000000 100.000000 100.000000
Geometry Element
GEOM_ELEMENT 5
-75.469940 0.000000 -61.485508
0.999937 0.000000 0.000000	0.000000 0.999968 0.000000	0.000000 0.000000 0.999968
0 1162760003 0 0 -1 1 1 100.000000 100.000000 100.000000
Geometry Element
GEOM_ELEMENT 5
-147.509201 0.000000 6.493350
0.999937 0.000000 0.000000	0.000000 0.999968 0.000000	0.000000 0.000000 0.999968
0 1162760003 0 0 -1 1 1 100.000000 100.000000 100.000000
Geometry Element
GEOM_ELEMENT 5
22.355949 0.000000 7.504307
0.999937 0.000000 0.000000	0.000000 0.999968 0.000000	0.000000 0.000000 0.999968
0 1162760003 0 0 -1 1 1 100.000000 100.000000 100.000000
Geometry Element
TRIGGER_ELEMENT 5
-146.857300 0.000000 -26.492188
1.000000 0.000000 0.000000	0.000000 1.000000 0.000000	0.000000 0.000000 1.000000
0 1 1.000000 65.900002 0.250000 0.000000 200.000000 1 -1 -1 1 -1 -1 0 65535 0 0
-146.857300 0.000000 6.457813	-146.857300 0.000000 -59.442188
0 0.000000 0.000000 0.000000	0 0.000000 0.000000 0.000000
Waypoint Tigger
TRIGGER_ELEMENT 5
-147.483719 0.000000 44.996063
1.000000 0.000000 0.000000	0.000000 1.000000 0.000000	0.000000 0.000000 1.000000
0 1 1.000000 75.400002 0.250000 0.000000 200.000000 2 -1 -1 2 -1 20 0 1 0 0
-147.483719 0.000000 82.696060	-147.483719 0.000000 7.296062
0 0.000000 0.000000 0.000000	0 0.000000 0.000000 0.000000
Waypoint Tigger
TRIGGER_ELEMENT 5
21.766266 0.000000 55.243359
1.000000 0.000000 0.000000	0.000000 1.000000 0.000000	0.000000 0.000000 1.000000
0 1 1.000000 94.699997 0.250000 0.000000 200.000000 3 -1 -1 3 -1 -1 0 65535 0 0
21.766266 0.000000 102.593353	21.766266 0.000000 7.893360
0 0.000000 0.000000 0.000000	0 0.000000 0.000000 0.000000
Waypoint Tigger
TRIGGER_ELEMENT 5
61.036430 0.000000 7.143127
0.017453 0.000000 0.999848	0.000000 1.000000 0.000000	-0.999848 0.000000 0.017453
0 1 1.000000 77.400002 0.250000 0.000000 200.000000 4 -1 -1 4 -1 21 0 1 0 0
22.342312 0.000000 7.818558	99.730545 0.000000 6.467696
0 0.000000 0.000000 0.000000	0 0.000000 0.000000 0.000000
Waypoint Tigger
TRIGGER_ELEMENT 5
-121.893257 0.000000 -52.848038
0.173648 0.000000 0.984808	0.000000 1.000000 0.000000	-0.984808 0.000000 0.173648
0 1 1.000000 92.299995 0.250000 0.000000 200.000000 5 -1 -1 5 -1 -1 0 65535 0 0
-167.342148 0.000000 -44.834183	-76.444366 0.000000 -60.861893
0 0.000000 0.000000 0.000000	0 0.000000 0.000000 0.000000
Waypoint Tigger
TRIGGER_ELEMENT 5
-24.695004 0.000000 -55.107018
0.121870 0.000000 -0.992546	0.000000 1.000000 0.000000	0.992546 0.000000 0.121870
0 1 1.000000 100.699997 0.250000 0.000000 200.000000 6 -1 -1 6 -1 22 0 1 0 0
25.279686 0.000000 -48.970863	-74.669693 0.000000 -61.243172
0 0.000000 0.000000 0.000000	0 0.000000 0.000000 0.000000
Waypoint Tigger
TRIGGER_ELEMENT 5
-106.361649 0.000000 -12.649765
0.052336 0.000000 0.998630	0.000000 1.000000 0.000000	-0.998630 0.000000 0.052336
0 1 1.000000 65.900002 0.250000 0.000000 200.000000 7 -1 -1 7 -1 23 0 1 0 0
-139.266510 0.000000 -10.925294	-73.456787 0.000000 -14.374236
0 0.000000 0.000000 0.000000	0 0.000000 0.000000 0.000000
Waypoint Tigger
TRIGGER_ELEMENT 5
-36.257961 0.000000 24.630409
0.121869 0.000000 0.992546	0.000000 1.000000 0.000000	-0.992546 0.000000 0.121869
0 1 1.000000 69.500000 0.250000 0.000000 200.000000 8 -1 -1 8 -1 24 0 1 0 0
-70.748932 0.000000 28.865356	-1.766987 0.000000 20.395462
0 0.000000 0.000000 0.000000	0 0.000000 0.000000 0.000000
Waypoint Tigger
TRIGGER_ELEMENT 5
-96.160156 0.000000 77.273361
0.087156 0.000000 0.996195	0.000000 1.000000 0.000000	-0.996195 0.000000 0.087156
0 1 1.000000 58.500000 0.250000 0.000000 200.000000 9 -1 -1 9 -1 25 0 1 0 0
-125.298859 0.000000 79.822678	-67.021454 0.000000 74.724045
0 0.000000 0.000000 0.000000	0 0.000000 0.000000 0.000000
Waypoint Tigger
TRIGGER_ELEMENT 5
-65.152557 0.000000 111.752579
0.017453 0.000000 0.999848	0.000000 1.000000 0.000000	-0.999848 0.000000 0.017453
1 1 7.000000 15.400000 0.250000 0.000000 200.000000 10 -1 -1 10 -1 -1 0 1 0 0
-72.851387 0.000000 111.886971	-57.453728 0.000000 111.618187
0 0.000000 0.000000 0.000000	0 0.000000 0.000000 0.000000
End
TRIGGER_ELEMENT 5
-65.157242 0.000000 111.683853
0.992546 0.000000 0.121869	0.000000 1.000000 0.000000	-0.121869 0.000000 0.992546
2 0 1.000000 3.000000 0.250000 0.000000 200.000000 0 -1 -1 0 -1 19 0 0 0 0
-65.340042 0.000000 113.172668	-64.974442 0.000000 110.195038
0 0.000000 0.000000 0.000000	2 0.121872 0.000000 -0.992546
Start
GEOM_ELEMENT 5
-155.562668 0.000000 4.127598
0.707107 0.000000 -0.707107	0.000000 1.000000 0.000000	0.707107 0.000000 0.707107
1 861360705 0 0 -1 1 1 101.000000 101.000000 101.000000
a1
GEOM_ELEMENT 5
30.732933 0.000000 5.995369
-0.121869 0.000000 0.992546	0.000000 1.000000 0.000000	-0.992546 0.000000 -0.121869
1 861360705 0 0 -1 1 1 91.000000 91.000000 91.000000
a2
GEOM_ELEMENT 5
-79.096169 0.000000 -68.239372
-0.838670 0.000000 0.544639	0.000000 1.000000 0.000000	-0.544639 0.000000 -0.838670
1 861360705 0 0 -1 1 1 100.000000 100.000000 100.000000
a3
GEOM_ELEMENT 5
-77.726288 2.924789 -8.824265
-1.000000 0.000000 0.000000	0.000000 1.000000 0.000000	0.000000 0.000000 -1.000000
1 827806273 0 0 -1 0 1 47.000000 47.000000 47.000000
a4
GEOM_ELEMENT 5
-66.606743 4.960570 32.883862
0.996195 0.000000 -0.087156	0.000000 1.000000 0.000000	0.087156 0.000000 0.996194
1 827806273 0 0 -1 0 1 57.000000 57.000000 57.000000
a5
GEOM_ELEMENT 5
-69.866119 3.991292 82.398705
-0.999695 -0.016769 -0.018157	-0.016104 0.999215 -0.036190	0.018749 -0.035887 -0.999180
1 827806273 0 0 -1 0 1 49.000000 49.000000 49.000000
a6
GEOM_ELEMENT 5
-65.206375 0.000000 115.820999
0.999937 0.000000 0.000000	0.000000 0.999968 0.000000	0.000000 0.000000 0.999968
1 827806273 0 0 -1 1 1 100.000000 100.000000 100.000000
af
